UniprotID.TF	NCBI.GeneID.TF	Name.TF	Detection.method	PubmedID	Organism	Source.database	Small-scale.evidence
P23708	18044	Nfya	chromatin immunoprecipitation assay	https://www.ncbi.nlm.nih.gov/pubmed/?term=27924024%5Buid%5D	Mus musculus	GTRD	No
Q61818	19377	Rai1	chromatin immunoprecipitation assay	https://www.ncbi.nlm.nih.gov/pubmed/?term=27924024%5Buid%5D	Mus musculus	GTRD	No
P35583	15376	Foxa2	chromatin immunoprecipitation assay	https://www.ncbi.nlm.nih.gov/pubmed/?term=27924024%5Buid%5D	Mus musculus	GTRD	No
Q9QZQ0	NA	Npas3	chromatin immunoprecipitation assay	https://www.ncbi.nlm.nih.gov/pubmed/?term=27924024%5Buid%5D	Mus musculus	GTRD	No
P25801	16909	Lmo2	chromatin immunoprecipitation assay	https://www.ncbi.nlm.nih.gov/pubmed/?term=27924024%5Buid%5D	Mus musculus	GTRD	No
Q5FWH3	230824	Grhl3	chromatin immunoprecipitation assay	https://www.ncbi.nlm.nih.gov/pubmed/?term=27924024%5Buid%5D	Mus musculus	GTRD	No
Q80Z64	71950	Nanog	chromatin immunoprecipitation assay	https://www.ncbi.nlm.nih.gov/pubmed/?term=27924024%5Buid%5D	Mus musculus	GTRD	No
Q61164	13018	Ctcf	chromatin immunoprecipitation assay	https://www.ncbi.nlm.nih.gov/pubmed/?term=27924024%5Buid%5D	Mus musculus	GTRD	No
P97360	14011	Etv6	chromatin immunoprecipitation assay	https://www.ncbi.nlm.nih.gov/pubmed/?term=27924024%5Buid%5D	Mus musculus	GTRD	No
O08550	75410	Kmt2b	chromatin immunoprecipitation assay	https://www.ncbi.nlm.nih.gov/pubmed/?term=27924024%5Buid%5D	Mus musculus	GTRD	No
Q5NCY0	216850	Kdm6b	chromatin immunoprecipitation assay	https://www.ncbi.nlm.nih.gov/pubmed/?term=27924024%5Buid%5D	Mus musculus	GTRD	No
P70288	15182	Hdac2	chromatin immunoprecipitation assay	https://www.ncbi.nlm.nih.gov/pubmed/?term=27924024%5Buid%5D	Mus musculus	GTRD	No
P28700	20181	Rxra	chromatin immunoprecipitation assay	https://www.ncbi.nlm.nih.gov/pubmed/?term=27924024%5Buid%5D	Mus musculus	GTRD	No
Q9JI44	66233	Dmap1	chromatin immunoprecipitation assay	https://www.ncbi.nlm.nih.gov/pubmed/?term=27924024%5Buid%5D	Mus musculus	GTRD	No
Q04207	19697	Rela	chromatin immunoprecipitation assay	https://www.ncbi.nlm.nih.gov/pubmed/?term=27924024%5Buid%5D	Mus musculus	GTRD	No
Q8VCD7	76804	Kdm4c	chromatin immunoprecipitation assay	https://www.ncbi.nlm.nih.gov/pubmed/?term=27924024%5Buid%5D	Mus musculus	GTRD	No
Q8BJ51	69900	Mfsd11	chromatin immunoprecipitation assay	https://www.ncbi.nlm.nih.gov/pubmed/?term=27924024%5Buid%5D	Mus musculus	GTRD	No
Q04887	20682	Sox9	chromatin immunoprecipitation assay	https://www.ncbi.nlm.nih.gov/pubmed/?term=27924024%5Buid%5D	Mus musculus	GTRD	No
Q08297	19361	Rad51	chromatin immunoprecipitation assay	https://www.ncbi.nlm.nih.gov/pubmed/?term=27924024%5Buid%5D	Mus musculus	GTRD	No
P35428	15205	Hes1	chromatin immunoprecipitation assay	https://www.ncbi.nlm.nih.gov/pubmed/?term=27924024%5Buid%5D	Mus musculus	GTRD	No
P30051	NA	Tead1	chromatin immunoprecipitation assay	https://www.ncbi.nlm.nih.gov/pubmed/?term=27924024%5Buid%5D	Mus musculus	GTRD	No
Q9JIZ5	83383	Tfap4	chromatin immunoprecipitation assay	https://www.ncbi.nlm.nih.gov/pubmed/?term=27924024%5Buid%5D	Mus musculus	GTRD	No
P05627	16476	Jun	chromatin immunoprecipitation assay	https://www.ncbi.nlm.nih.gov/pubmed/?term=27924024%5Buid%5D	Mus musculus	GTRD	No
Q62093	20382	Srsf2	chromatin immunoprecipitation assay	https://www.ncbi.nlm.nih.gov/pubmed/?term=27924024%5Buid%5D	Mus musculus	GTRD	No
Q60793	16600	Klf4	chromatin immunoprecipitation assay	https://www.ncbi.nlm.nih.gov/pubmed/?term=27924024%5Buid%5D	Mus musculus	GTRD	No
P97303	12014	Bach2	chromatin immunoprecipitation assay	https://www.ncbi.nlm.nih.gov/pubmed/?term=27924024%5Buid%5D	Mus musculus	GTRD	No
E9PYH6	233904	Setd1a	chromatin immunoprecipitation assay	https://www.ncbi.nlm.nih.gov/pubmed/?term=27924024%5Buid%5D	Mus musculus	GTRD	No
Q60867	18012	Neurod1	chromatin immunoprecipitation assay	https://www.ncbi.nlm.nih.gov/pubmed/?term=27924024%5Buid%5D	Mus musculus	GTRD	No
Q91WV0	13486	Dr1	chromatin immunoprecipitation assay	https://www.ncbi.nlm.nih.gov/pubmed/?term=27924024%5Buid%5D	Mus musculus	GTRD	No
Q9WV93	NA	Hey1	chromatin immunoprecipitation assay	https://www.ncbi.nlm.nih.gov/pubmed/?term=27924024%5Buid%5D	Mus musculus	GTRD	No
P09079	15413	Hoxb5	chromatin immunoprecipitation assay	https://www.ncbi.nlm.nih.gov/pubmed/?term=27924024%5Buid%5D	Mus musculus	GTRD	No
Q62232	20472	Six2	chromatin immunoprecipitation assay	https://www.ncbi.nlm.nih.gov/pubmed/?term=27924024%5Buid%5D	Mus musculus	GTRD	No
P20263	18999	Pou5f1	chromatin immunoprecipitation assay	https://www.ncbi.nlm.nih.gov/pubmed/?term=27924024%5Buid%5D	Mus musculus	GTRD	No
Q8BGC0	72459	Htatsf1	chromatin immunoprecipitation assay	https://www.ncbi.nlm.nih.gov/pubmed/?term=27924024%5Buid%5D	Mus musculus	GTRD	No
Q07802	13591	Ebf1	chromatin immunoprecipitation assay	https://www.ncbi.nlm.nih.gov/pubmed/?term=27924024%5Buid%5D	Mus musculus	GTRD	No
Q61312	21420	Tfap2c	chromatin immunoprecipitation assay	https://www.ncbi.nlm.nih.gov/pubmed/?term=27924024%5Buid%5D	Mus musculus	GTRD	No
Q8BUN5	17127	Smad3	chromatin immunoprecipitation assay	https://www.ncbi.nlm.nih.gov/pubmed/?term=27924024%5Buid%5D	Mus musculus	GTRD	No
Q3V3W4	381990	Zbtb2	chromatin immunoprecipitation assay	https://www.ncbi.nlm.nih.gov/pubmed/?term=27924024%5Buid%5D	Mus musculus	GTRD	No
Q80YQ2	70208	Med23	chromatin immunoprecipitation assay	https://www.ncbi.nlm.nih.gov/pubmed/?term=27924024%5Buid%5D	Mus musculus	GTRD	No
P51450	19885	Rorc	chromatin immunoprecipitation assay	https://www.ncbi.nlm.nih.gov/pubmed/?term=27924024%5Buid%5D	Mus musculus	GTRD	No
P70338	14581	Gfi1	chromatin immunoprecipitation assay	https://www.ncbi.nlm.nih.gov/pubmed/?term=27924024%5Buid%5D	Mus musculus	GTRD	No
P24270	12359	Cat	chromatin immunoprecipitation assay	https://www.ncbi.nlm.nih.gov/pubmed/?term=27924024%5Buid%5D	Mus musculus	GTRD	No
Q9WTL8	11865	Arntl	chromatin immunoprecipitation assay	https://www.ncbi.nlm.nih.gov/pubmed/?term=27924024%5Buid%5D	Mus musculus	GTRD	No
Q64318	21417	Zeb1	chromatin immunoprecipitation assay	https://www.ncbi.nlm.nih.gov/pubmed/?term=27924024%5Buid%5D	Mus musculus	GTRD	No
Q6PB97	233902	Fbxl19	chromatin immunoprecipitation assay	https://www.ncbi.nlm.nih.gov/pubmed/?term=27924024%5Buid%5D	Mus musculus	GTRD	No
P97469	20583	Snai2	chromatin immunoprecipitation assay	https://www.ncbi.nlm.nih.gov/pubmed/?term=27924024%5Buid%5D	Mus musculus	GTRD	No
P25976	NA	Ubtf	chromatin immunoprecipitation assay	https://www.ncbi.nlm.nih.gov/pubmed/?term=27924024%5Buid%5D	Mus musculus	GTRD	No
P59997	225876	Kdm2a	chromatin immunoprecipitation assay	https://www.ncbi.nlm.nih.gov/pubmed/?term=27924024%5Buid%5D	Mus musculus	GTRD	No
Q02067	17172	Ascl1	chromatin immunoprecipitation assay	https://www.ncbi.nlm.nih.gov/pubmed/?term=27924024%5Buid%5D	Mus musculus	GTRD	No
Q61550	19357	Rad21	chromatin immunoprecipitation assay	https://www.ncbi.nlm.nih.gov/pubmed/?term=27924024%5Buid%5D	Mus musculus	GTRD	No
Q9JKD8	57765	Tbx21	chromatin immunoprecipitation assay	https://www.ncbi.nlm.nih.gov/pubmed/?term=27924024%5Buid%5D	Mus musculus	GTRD	No
P19785	13982	Esr1	chromatin immunoprecipitation assay	https://www.ncbi.nlm.nih.gov/pubmed/?term=27924024%5Buid%5D	Mus musculus	GTRD	No
Q01147	12912	Creb1	chromatin immunoprecipitation assay	https://www.ncbi.nlm.nih.gov/pubmed/?term=27924024%5Buid%5D	Mus musculus	GTRD	No
O88895	NA	Hdac3	chromatin immunoprecipitation assay	https://www.ncbi.nlm.nih.gov/pubmed/?term=27924024%5Buid%5D	Mus musculus	GTRD	No
Q06507	11911	Atf4	chromatin immunoprecipitation assay	https://www.ncbi.nlm.nih.gov/pubmed/?term=27924024%5Buid%5D	Mus musculus	GTRD	No
Q9Z0Z7	12224	Klf5	chromatin immunoprecipitation assay	https://www.ncbi.nlm.nih.gov/pubmed/?term=27924024%5Buid%5D	Mus musculus	GTRD	No
P12813	15370	Nr4a1	chromatin immunoprecipitation assay	https://www.ncbi.nlm.nih.gov/pubmed/?term=27924024%5Buid%5D	Mus musculus	GTRD	No
Q9JI13	65961	Utp3	chromatin immunoprecipitation assay	https://www.ncbi.nlm.nih.gov/pubmed/?term=27924024%5Buid%5D	Mus musculus	GTRD	No
Q9Z0Y9	22259	Nr1h3	chromatin immunoprecipitation assay	https://www.ncbi.nlm.nih.gov/pubmed/?term=27924024%5Buid%5D	Mus musculus	GTRD	No
P26323	14247	Fli1	chromatin immunoprecipitation assay	https://www.ncbi.nlm.nih.gov/pubmed/?term=27924024%5Buid%5D	Mus musculus	GTRD	No
Q3UV55	217166	Nr1d1	chromatin immunoprecipitation assay	https://www.ncbi.nlm.nih.gov/pubmed/?term=27924024%5Buid%5D	Mus musculus	GTRD	No
Q9ESP5	54713	Fezf2	chromatin immunoprecipitation assay	https://www.ncbi.nlm.nih.gov/pubmed/?term=27924024%5Buid%5D	Mus musculus	GTRD	No
Q03347	NA	Runx1	chromatin immunoprecipitation assay	https://www.ncbi.nlm.nih.gov/pubmed/?term=27924024%5Buid%5D	Mus musculus	GTRD	No
Q61191	15161	Hcfc1	chromatin immunoprecipitation assay	https://www.ncbi.nlm.nih.gov/pubmed/?term=27924024%5Buid%5D	Mus musculus	GTRD	No
Q3UQU0	105246	Brd9	chromatin immunoprecipitation assay	https://www.ncbi.nlm.nih.gov/pubmed/?term=27924024%5Buid%5D	Mus musculus	GTRD	No
Q9CWW7	74322	Cxxc1	chromatin immunoprecipitation assay	https://www.ncbi.nlm.nih.gov/pubmed/?term=27924024%5Buid%5D	Mus musculus	GTRD	No
Q62315	16468	Jarid2	chromatin immunoprecipitation assay	https://www.ncbi.nlm.nih.gov/pubmed/?term=27924024%5Buid%5D	Mus musculus	GTRD	No
Q8CHK4	81601	Kat5	chromatin immunoprecipitation assay	https://www.ncbi.nlm.nih.gov/pubmed/?term=27924024%5Buid%5D	Mus musculus	GTRD	No
P17012	22764	Zfx	chromatin immunoprecipitation assay	https://www.ncbi.nlm.nih.gov/pubmed/?term=27924024%5Buid%5D	Mus musculus	GTRD	No
Q61501	13555	E2f1	chromatin immunoprecipitation assay	https://www.ncbi.nlm.nih.gov/pubmed/?term=27924024%5Buid%5D	Mus musculus	GTRD	No
P62340	237336	Tbpl1	chromatin immunoprecipitation assay	https://www.ncbi.nlm.nih.gov/pubmed/?term=27924024%5Buid%5D	Mus musculus	GTRD	No
Q00899	22632	Yy1	chromatin immunoprecipitation assay	https://www.ncbi.nlm.nih.gov/pubmed/?term=27924024%5Buid%5D	Mus musculus	GTRD	No
Q02395	17765	Mtf2	chromatin immunoprecipitation assay	https://www.ncbi.nlm.nih.gov/pubmed/?term=27924024%5Buid%5D	Mus musculus	GTRD	No
Q64287	16364	Irf4	chromatin immunoprecipitation assay	https://www.ncbi.nlm.nih.gov/pubmed/?term=27924024%5Buid%5D	Mus musculus	GTRD	No
Q91VN1	59057	Znf24	chromatin immunoprecipitation assay	https://www.ncbi.nlm.nih.gov/pubmed/?term=27924024%5Buid%5D	Mus musculus	GTRD	No
Q8VIG1	19712	Rest	chromatin immunoprecipitation assay	https://www.ncbi.nlm.nih.gov/pubmed/?term=27924024%5Buid%5D	Mus musculus	GTRD	No
Q8CCG4	73693	Dppa4	chromatin immunoprecipitation assay	https://www.ncbi.nlm.nih.gov/pubmed/?term=27924024%5Buid%5D	Mus musculus	GTRD	No
Q4JK59	214133	Tet2	chromatin immunoprecipitation assay	https://www.ncbi.nlm.nih.gov/pubmed/?term=27924024%5Buid%5D	Mus musculus	GTRD	No
O35284	53314	Batf	chromatin immunoprecipitation assay	https://www.ncbi.nlm.nih.gov/pubmed/?term=27924024%5Buid%5D	Mus musculus	GTRD	No
P61372	16392	Isl1	chromatin immunoprecipitation assay	https://www.ncbi.nlm.nih.gov/pubmed/?term=27924024%5Buid%5D	Mus musculus	GTRD	No
Q6ZQ88	99982	Kdm1a	chromatin immunoprecipitation assay	https://www.ncbi.nlm.nih.gov/pubmed/?term=27924024%5Buid%5D	Mus musculus	GTRD	No
Q8R023	69837	Pcgf1	chromatin immunoprecipitation assay	https://www.ncbi.nlm.nih.gov/pubmed/?term=27924024%5Buid%5D	Mus musculus	GTRD	No
Q9CWH0	73703	Dppa2	chromatin immunoprecipitation assay	https://www.ncbi.nlm.nih.gov/pubmed/?term=27924024%5Buid%5D	Mus musculus	GTRD	No
P37238	19016	Pparg	chromatin immunoprecipitation assay	https://www.ncbi.nlm.nih.gov/pubmed/?term=27924024%5Buid%5D	Mus musculus	GTRD	No
Q3TKT4	20586	Smarca4	chromatin immunoprecipitation assay	https://www.ncbi.nlm.nih.gov/pubmed/?term=27924024%5Buid%5D	Mus musculus	GTRD	No
Q9CU62	24061	Smc1a	chromatin immunoprecipitation assay	https://www.ncbi.nlm.nih.gov/pubmed/?term=27924024%5Buid%5D	Mus musculus	GTRD	No
Q7TNS8	103551	Epop	chromatin immunoprecipitation assay	https://www.ncbi.nlm.nih.gov/pubmed/?term=27924024%5Buid%5D	Mus musculus	GTRD	No
Q9CXG9	74016	Phf19	chromatin immunoprecipitation assay	https://www.ncbi.nlm.nih.gov/pubmed/?term=27924024%5Buid%5D	Mus musculus	GTRD	No
Q62520	NA	Zic2	chromatin immunoprecipitation assay	https://www.ncbi.nlm.nih.gov/pubmed/?term=27924024%5Buid%5D	Mus musculus	GTRD	No
P83870	68479	Phf5a	chromatin immunoprecipitation assay	https://www.ncbi.nlm.nih.gov/pubmed/?term=27924024%5Buid%5D	Mus musculus	GTRD	No
Q9EQW6	50913	Olig2	chromatin immunoprecipitation assay	https://www.ncbi.nlm.nih.gov/pubmed/?term=27924024%5Buid%5D	Mus musculus	GTRD	No
Q62414	18013	Neurod2	chromatin immunoprecipitation assay	https://www.ncbi.nlm.nih.gov/pubmed/?term=27924024%5Buid%5D	Mus musculus	GTRD	No
P12979	17928	Myog	chromatin immunoprecipitation assay	https://www.ncbi.nlm.nih.gov/pubmed/?term=27924024%5Buid%5D	Mus musculus	GTRD	No
P43241	12591	Cdx2	inferred by curator	https://www.ncbi.nlm.nih.gov/pubmed/?term=18971253%5Buid%5D+OR+26578589%5Buid%5D	Mus musculus	ORegAnno,PAZAR	No
P48381	19726	Rfx3	chromatin immunoprecipitation assay	https://www.ncbi.nlm.nih.gov/pubmed/?term=27924024%5Buid%5D	Mus musculus	GTRD	No
Q9ESU6	57261	Brd4	chromatin immunoprecipitation assay	https://www.ncbi.nlm.nih.gov/pubmed/?term=27924024%5Buid%5D	Mus musculus	GTRD	No
Q8CGY8	108155	Ogt	chromatin immunoprecipitation assay	https://www.ncbi.nlm.nih.gov/pubmed/?term=27924024%5Buid%5D	Mus musculus	GTRD	No
Q6NZM9	208727	Hdac4	chromatin immunoprecipitation assay	https://www.ncbi.nlm.nih.gov/pubmed/?term=27924024%5Buid%5D	Mus musculus	GTRD	No
Q6J1H4	22286	Utf1	chromatin immunoprecipitation assay	https://www.ncbi.nlm.nih.gov/pubmed/?term=27924024%5Buid%5D	Mus musculus	GTRD	No
P28574	17187	Max	chromatin immunoprecipitation assay	https://www.ncbi.nlm.nih.gov/pubmed/?term=27924024%5Buid%5D	Mus musculus	GTRD	No
P81270	13876	Erg	chromatin immunoprecipitation assay	https://www.ncbi.nlm.nih.gov/pubmed/?term=27924024%5Buid%5D	Mus musculus	GTRD	No
P01108	17869	Myc	chromatin immunoprecipitation assay	https://www.ncbi.nlm.nih.gov/pubmed/?term=27924024%5Buid%5D	Mus musculus	GTRD	No
P54728	19359	Rad23b	chromatin immunoprecipitation assay	https://www.ncbi.nlm.nih.gov/pubmed/?term=27924024%5Buid%5D	Mus musculus	GTRD	No
E9QAE3	107182	Btaf1	chromatin immunoprecipitation assay	https://www.ncbi.nlm.nih.gov/pubmed/?term=27924024%5Buid%5D	Mus musculus	GTRD	No
Q9D1P2	67773	Kat8	chromatin immunoprecipitation assay	https://www.ncbi.nlm.nih.gov/pubmed/?term=27924024%5Buid%5D	Mus musculus	GTRD	No
O08792	13592	Ebf2	chromatin immunoprecipitation assay	https://www.ncbi.nlm.nih.gov/pubmed/?term=27924024%5Buid%5D	Mus musculus	GTRD	No
Q62521	22773	Zic3	chromatin immunoprecipitation assay	https://www.ncbi.nlm.nih.gov/pubmed/?term=27924024%5Buid%5D	Mus musculus	GTRD	No
Q9R190	23942	Mta2	chromatin immunoprecipitation assay	https://www.ncbi.nlm.nih.gov/pubmed/?term=27924024%5Buid%5D	Mus musculus	GTRD	No
P70447	11924	Neurog2	chromatin immunoprecipitation assay	https://www.ncbi.nlm.nih.gov/pubmed/?term=27924024%5Buid%5D	Mus musculus	GTRD	No
E9PZZ1	230025	Prdm13	chromatin immunoprecipitation assay	https://www.ncbi.nlm.nih.gov/pubmed/?term=27924024%5Buid%5D	Mus musculus	GTRD	No
P63058	21833	Thra	chromatin immunoprecipitation assay	https://www.ncbi.nlm.nih.gov/pubmed/?term=27924024%5Buid%5D	Mus musculus	GTRD	No
Q61079	20465	Sim2	chromatin immunoprecipitation assay	https://www.ncbi.nlm.nih.gov/pubmed/?term=27924024%5Buid%5D	Mus musculus	GTRD	No
Q99LT0	66310	Dpy30	chromatin immunoprecipitation assay	https://www.ncbi.nlm.nih.gov/pubmed/?term=27924024%5Buid%5D	Mus musculus	GTRD	No
Q08775	12393	Runx2	chromatin immunoprecipitation assay	https://www.ncbi.nlm.nih.gov/pubmed/?term=27924024%5Buid%5D	Mus musculus	GTRD	No
P70324	21386	Tbx3	chromatin immunoprecipitation assay	https://www.ncbi.nlm.nih.gov/pubmed/?term=27924024%5Buid%5D	Mus musculus	GTRD	No
P41230	20591	Kdm5c	chromatin immunoprecipitation assay	https://www.ncbi.nlm.nih.gov/pubmed/?term=27924024%5Buid%5D	Mus musculus	GTRD	No
P97471	17128	Smad4	chromatin immunoprecipitation assay	https://www.ncbi.nlm.nih.gov/pubmed/?term=27924024%5Buid%5D	Mus musculus	GTRD	No
Q61880	13404	Dmc1	chromatin immunoprecipitation assay	https://www.ncbi.nlm.nih.gov/pubmed/?term=27924024%5Buid%5D	Mus musculus	GTRD	No
Q3UQ17	235320	Zbtb16	chromatin immunoprecipitation assay	https://www.ncbi.nlm.nih.gov/pubmed/?term=27924024%5Buid%5D	Mus musculus	GTRD	No
A1A546	71597	Isx	chromatin immunoprecipitation assay	https://www.ncbi.nlm.nih.gov/pubmed/?term=27924024%5Buid%5D	Mus musculus	GTRD	No
P42232	20851	Stat5b	chromatin immunoprecipitation assay	https://www.ncbi.nlm.nih.gov/pubmed/?term=27924024%5Buid%5D	Mus musculus	GTRD	No
A2AGH6	59024	Med12	chromatin immunoprecipitation assay	https://www.ncbi.nlm.nih.gov/pubmed/?term=27924024%5Buid%5D	Mus musculus	GTRD	No
P10085	17927	Myod1	chromatin immunoprecipitation assay	https://www.ncbi.nlm.nih.gov/pubmed/?term=27924024%5Buid%5D	Mus musculus	GTRD	No
Q6KCD5	71175	Nipbl	chromatin immunoprecipitation assay	https://www.ncbi.nlm.nih.gov/pubmed/?term=27924024%5Buid%5D	Mus musculus	GTRD	No
Q8CFN5	17260	Mef2c	chromatin immunoprecipitation assay	https://www.ncbi.nlm.nih.gov/pubmed/?term=27924024%5Buid%5D	Mus musculus	GTRD	No
Q6RHR9	14924	Magi1	chromatin immunoprecipitation assay	https://www.ncbi.nlm.nih.gov/pubmed/?term=27924024%5Buid%5D	Mus musculus	GTRD	No
O88898	22061	Tp63	chromatin immunoprecipitation assay	https://www.ncbi.nlm.nih.gov/pubmed/?term=27924024%5Buid%5D	Mus musculus	GTRD	No
O35261	13557	E2f3	chromatin immunoprecipitation assay	https://www.ncbi.nlm.nih.gov/pubmed/?term=27924024%5Buid%5D	Mus musculus	GTRD	No
Q02650	18507	Pax5	chromatin immunoprecipitation assay	https://www.ncbi.nlm.nih.gov/pubmed/?term=27924024%5Buid%5D	Mus musculus	GTRD	No
Q61324	11864	Arnt2	chromatin immunoprecipitation assay	https://www.ncbi.nlm.nih.gov/pubmed/?term=27924024%5Buid%5D	Mus musculus	GTRD	No
Q62432	17126	Smad2	chromatin immunoprecipitation assay	https://www.ncbi.nlm.nih.gov/pubmed/?term=27924024%5Buid%5D	Mus musculus	GTRD	No
P21784	19374	Rag2	chromatin immunoprecipitation assay	https://www.ncbi.nlm.nih.gov/pubmed/?term=27924024%5Buid%5D	Mus musculus	GTRD	No
P31360	18992	Pou3f2	chromatin immunoprecipitation assay	https://www.ncbi.nlm.nih.gov/pubmed/?term=27924024%5Buid%5D	Mus musculus	GTRD	No
P29037	21374	Tbp	chromatin immunoprecipitation assay	https://www.ncbi.nlm.nih.gov/pubmed/?term=27924024%5Buid%5D	Mus musculus	GTRD	No
Q80U70	52615	Suz12	chromatin immunoprecipitation assay	https://www.ncbi.nlm.nih.gov/pubmed/?term=27924024%5Buid%5D	Mus musculus	GTRD	No
Q62318	21849	Trim28	chromatin immunoprecipitation assay	https://www.ncbi.nlm.nih.gov/pubmed/?term=27924024%5Buid%5D	Mus musculus	GTRD	No
Q6XBJ3	225631	Onecut2	chromatin immunoprecipitation assay	https://www.ncbi.nlm.nih.gov/pubmed/?term=27924024%5Buid%5D	Mus musculus	GTRD	No
A2RSY1	226976	Kansl3	chromatin immunoprecipitation assay	https://www.ncbi.nlm.nih.gov/pubmed/?term=27924024%5Buid%5D	Mus musculus	GTRD	No
P02340	22059	Tp53	chromatin immunoprecipitation assay	https://www.ncbi.nlm.nih.gov/pubmed/?term=27924024%5Buid%5D	Mus musculus	GTRD	No
Q8BIH0	269003	Sap130	chromatin immunoprecipitation assay	https://www.ncbi.nlm.nih.gov/pubmed/?term=27924024%5Buid%5D	Mus musculus	GTRD	No
P42225	NA	Stat1	chromatin immunoprecipitation assay	https://www.ncbi.nlm.nih.gov/pubmed/?term=27924024%5Buid%5D	Mus musculus	GTRD	No
Q3URQ0	269536	Tex10	chromatin immunoprecipitation assay	https://www.ncbi.nlm.nih.gov/pubmed/?term=27924024%5Buid%5D	Mus musculus	GTRD	No
Q8K284	233863	Gtf3c1	chromatin immunoprecipitation assay	https://www.ncbi.nlm.nih.gov/pubmed/?term=27924024%5Buid%5D	Mus musculus	GTRD	No
Q9WU00	18181	Nrf1	chromatin immunoprecipitation assay	https://www.ncbi.nlm.nih.gov/pubmed/?term=27924024%5Buid%5D	Mus musculus	GTRD	No
O89090	20683	Sp1	chromatin immunoprecipitation assay	https://www.ncbi.nlm.nih.gov/pubmed/?term=27924024%5Buid%5D	Mus musculus	GTRD	No
Q9QUS4	15214	Hey2	chromatin immunoprecipitation assay	https://www.ncbi.nlm.nih.gov/pubmed/?term=27924024%5Buid%5D	Mus musculus	GTRD	No
P17433	20375	Spi1	chromatin immunoprecipitation assay	https://www.ncbi.nlm.nih.gov/pubmed/?term=27924024%5Buid%5D	Mus musculus	GTRD	No
P48432	20674	Sox2	chromatin immunoprecipitation assay	https://www.ncbi.nlm.nih.gov/pubmed/?term=27924024%5Buid%5D	Mus musculus	GTRD	No
Q99PV8	58208	Bcl11b	chromatin immunoprecipitation assay	https://www.ncbi.nlm.nih.gov/pubmed/?term=27924024%5Buid%5D	Mus musculus	GTRD	No
Q925J9	19014	Med1	chromatin immunoprecipitation assay	https://www.ncbi.nlm.nih.gov/pubmed/?term=27924024%5Buid%5D	Mus musculus	GTRD	No
Q9WU42	20602	Ncor2	chromatin immunoprecipitation assay	https://www.ncbi.nlm.nih.gov/pubmed/?term=27924024%5Buid%5D	Mus musculus	GTRD	No
P22361	21405	Hnf1a	chromatin immunoprecipitation assay	https://www.ncbi.nlm.nih.gov/pubmed/?term=27924024%5Buid%5D	Mus musculus	GTRD	No
P23772	14462	Gata3	chromatin immunoprecipitation assay	https://www.ncbi.nlm.nih.gov/pubmed/?term=27924024%5Buid%5D	Mus musculus	GTRD	No
Q3URK3	NA	Tet1	chromatin immunoprecipitation assay	https://www.ncbi.nlm.nih.gov/pubmed/?term=27924024%5Buid%5D	Mus musculus	GTRD	No
P70326	21388	Tbx5	chromatin immunoprecipitation assay	https://www.ncbi.nlm.nih.gov/pubmed/?term=27924024%5Buid%5D	Mus musculus	GTRD	No
Q6P1G2	30841	Kdm2b	chromatin immunoprecipitation assay	https://www.ncbi.nlm.nih.gov/pubmed/?term=27924024%5Buid%5D	Mus musculus	GTRD	No
Q6ZPV2	68142	Ino80	chromatin immunoprecipitation assay	https://www.ncbi.nlm.nih.gov/pubmed/?term=27924024%5Buid%5D	Mus musculus	GTRD	No
P15806	21423	Tcf3	chromatin immunoprecipitation assay	https://www.ncbi.nlm.nih.gov/pubmed/?term=27924024%5Buid%5D	Mus musculus	GTRD	No
Q99MA9	18096	Nkx6-1	chromatin immunoprecipitation assay	https://www.ncbi.nlm.nih.gov/pubmed/?term=27924024%5Buid%5D	Mus musculus	GTRD	No
Q99LI5	226442	Znf281	chromatin immunoprecipitation assay	https://www.ncbi.nlm.nih.gov/pubmed/?term=27924024%5Buid%5D	Mus musculus	GTRD	No
Q9QXE7	21372	Tbl1x	chromatin immunoprecipitation assay	https://www.ncbi.nlm.nih.gov/pubmed/?term=27924024%5Buid%5D	Mus musculus	GTRD	No
Q08024	12400	Cbfb	chromatin immunoprecipitation assay	https://www.ncbi.nlm.nih.gov/pubmed/?term=27924024%5Buid%5D	Mus musculus	GTRD	No
Q8BSP2	52683	Ncaph2	chromatin immunoprecipitation assay	https://www.ncbi.nlm.nih.gov/pubmed/?term=27924024%5Buid%5D	Mus musculus	GTRD	No
O35885	17173	Ascl2	chromatin immunoprecipitation assay	https://www.ncbi.nlm.nih.gov/pubmed/?term=27924024%5Buid%5D	Mus musculus	GTRD	No
Q61539	26380	Esrrb	chromatin immunoprecipitation assay	https://www.ncbi.nlm.nih.gov/pubmed/?term=27924024%5Buid%5D	Mus musculus	GTRD	No
Q60520	20466	Sin3a	chromatin immunoprecipitation assay	https://www.ncbi.nlm.nih.gov/pubmed/?term=27924024%5Buid%5D	Mus musculus	GTRD	No
P70662	16825	Ldb1	chromatin immunoprecipitation assay	https://www.ncbi.nlm.nih.gov/pubmed/?term=27924024%5Buid%5D	Mus musculus	GTRD	No
Q8BG30	24116	Nelfa	chromatin immunoprecipitation assay	https://www.ncbi.nlm.nih.gov/pubmed/?term=27924024%5Buid%5D	Mus musculus	GTRD	No
A2APF3	664799	Ctcfl	chromatin immunoprecipitation assay	https://www.ncbi.nlm.nih.gov/pubmed/?term=27924024%5Buid%5D	Mus musculus	GTRD	No
Q03147	12572	Cdk7	chromatin immunoprecipitation assay	https://www.ncbi.nlm.nih.gov/pubmed/?term=27924024%5Buid%5D	Mus musculus	GTRD	No
P23798	22658	Pcgf2	chromatin immunoprecipitation assay	https://www.ncbi.nlm.nih.gov/pubmed/?term=27924024%5Buid%5D	Mus musculus	GTRD	No
P06537	NA	Nr3c1	chromatin immunoprecipitation assay	https://www.ncbi.nlm.nih.gov/pubmed/?term=27924024%5Buid%5D	Mus musculus	GTRD	No
Q61188	14056	Ezh2	chromatin immunoprecipitation assay	https://www.ncbi.nlm.nih.gov/pubmed/?term=27924024%5Buid%5D	Mus musculus	GTRD	No
Q61286	21406	Tcf12	chromatin immunoprecipitation assay	https://www.ncbi.nlm.nih.gov/pubmed/?term=27924024%5Buid%5D	Mus musculus	GTRD	No
Q80TG1	76719	Kansl1	chromatin immunoprecipitation assay	https://www.ncbi.nlm.nih.gov/pubmed/?term=27924024%5Buid%5D	Mus musculus	GTRD	No
P53566	12606	Cebpa	chromatin immunoprecipitation assay	https://www.ncbi.nlm.nih.gov/pubmed/?term=27924024%5Buid%5D	Mus musculus	GTRD	No
Q8CCI5	56353	Rybp	chromatin immunoprecipitation assay	https://www.ncbi.nlm.nih.gov/pubmed/?term=27924024%5Buid%5D	Mus musculus	GTRD	No
Q08369	14463	Gata4	chromatin immunoprecipitation assay	https://www.ncbi.nlm.nih.gov/pubmed/?term=27924024%5Buid%5D	Mus musculus	GTRD	No
Q61687	22589	Atrx	chromatin immunoprecipitation assay	https://www.ncbi.nlm.nih.gov/pubmed/?term=27924024%5Buid%5D	Mus musculus	GTRD	No
Q6PDK2	NA	Kmt2d	chromatin immunoprecipitation assay	https://www.ncbi.nlm.nih.gov/pubmed/?term=27924024%5Buid%5D	Mus musculus	GTRD	No
P03966	18109	Mycn	chromatin immunoprecipitation assay	https://www.ncbi.nlm.nih.gov/pubmed/?term=27924024%5Buid%5D	Mus musculus	GTRD	No
P80206	NA	Otx2	chromatin immunoprecipitation assay	https://www.ncbi.nlm.nih.gov/pubmed/?term=27924024%5Buid%5D	Mus musculus	GTRD	No
Q9CQJ4	19821	Rnf2	chromatin immunoprecipitation assay	https://www.ncbi.nlm.nih.gov/pubmed/?term=27924024%5Buid%5D	Mus musculus	GTRD	No
P48377	19724	Rfx1	chromatin immunoprecipitation assay	https://www.ncbi.nlm.nih.gov/pubmed/?term=27924024%5Buid%5D	Mus musculus	GTRD	No
P42227	20848	Stat3	chromatin immunoprecipitation assay	https://www.ncbi.nlm.nih.gov/pubmed/?term=27924024%5Buid%5D	Mus musculus	GTRD	No
Q06831	20677	Sox4	chromatin immunoprecipitation assay	https://www.ncbi.nlm.nih.gov/pubmed/?term=27924024%5Buid%5D	Mus musculus	GTRD	No
P11416	19401	Rara	chromatin immunoprecipitation assay	https://www.ncbi.nlm.nih.gov/pubmed/?term=27924024%5Buid%5D	Mus musculus	GTRD	No
B2RWS6	328572	Ep300	chromatin immunoprecipitation assay	https://www.ncbi.nlm.nih.gov/pubmed/?term=27924024%5Buid%5D	Mus musculus	GTRD	No
Q8VDS3	52609	Cbx7	chromatin immunoprecipitation assay	https://www.ncbi.nlm.nih.gov/pubmed/?term=27924024%5Buid%5D	Mus musculus	GTRD	No
Q920B9	114741	Supt16h	chromatin immunoprecipitation assay	https://www.ncbi.nlm.nih.gov/pubmed/?term=27924024%5Buid%5D	Mus musculus	GTRD	No
Q7JJ13	14312	Brd2	chromatin immunoprecipitation assay	https://www.ncbi.nlm.nih.gov/pubmed/?term=27924024%5Buid%5D	Mus musculus	GTRD	No
