UniprotID.Target	NCBI.GeneID.Target	Name.Target	Detection.method	PubmedID	Organism	Source.database	Small-scale.evidence
Q9HBH0	54509	RHOF	chromatin immunoprecipitation assay	27924024	Homo sapiens	GTRD	No
Q96A37	115992	RNF166	chromatin immunoprecipitation assay	27924024	Homo sapiens	GTRD	No
O95983	53615	MBD3	chromatin immunoprecipitation assay	27924024	Homo sapiens	GTRD	No
A5PLN7	25854	FAM149A	chromatin immunoprecipitation assay	27924024	Homo sapiens	GTRD	No
O15467	6360	CCL16	chromatin immunoprecipitation assay	27924024	Homo sapiens	GTRD	No
Q9BUH8	57596	BEGAIN	chromatin immunoprecipitation assay	27924024	Homo sapiens	GTRD	No
Q06330	3516	RBPJ	chromatin immunoprecipitation assay	27924024	Homo sapiens	GTRD	No
Q658N2	23302	WSCD1	chromatin immunoprecipitation assay	27924024	Homo sapiens	GTRD	No
Q9BQ69	28992	MACROD1	chromatin immunoprecipitation assay	27924024	Homo sapiens	GTRD	No
Q8N0U8	154807	VKORC1L1	chromatin immunoprecipitation assay	27924024	Homo sapiens	GTRD	No
Q9NYI0	23362	PSD3	chromatin immunoprecipitation assay	27924024	Homo sapiens	GTRD	No
Q9C0B2	85452	CFAP74	chromatin immunoprecipitation assay	27924024	Homo sapiens	GTRD	No
Q9NPB8	56261	GPCPD1	chromatin immunoprecipitation assay	27924024	Homo sapiens	GTRD	No
Q9Y597	51133	KCTD3	chromatin immunoprecipitation assay	27924024	Homo sapiens	GTRD	No
Q9Y5Y6	6768	ST14	chromatin immunoprecipitation assay	27924024	Homo sapiens	GTRD	No
Q9BUK0	79145	CHCHD7	chromatin immunoprecipitation assay	27924024	Homo sapiens	GTRD	No
Q6ZVH7	339768	ESPNL	chromatin immunoprecipitation assay	27924024	Homo sapiens	GTRD	No
O94901	23353	SUN1	chromatin immunoprecipitation assay	27924024	Homo sapiens	GTRD	No
Q9UBZ9	51455	REV1	chromatin immunoprecipitation assay	27924024	Homo sapiens	GTRD	No
A0A2R8Y7D0	NA	TINCR	chromatin immunoprecipitation assay	27924024	Homo sapiens	GTRD	No
Q9Y496	11127	KIF3A	chromatin immunoprecipitation assay	27924024	Homo sapiens	GTRD	No
Q7Z3H0	341405	ANKRD33	chromatin immunoprecipitation assay	27924024	Homo sapiens	GTRD	No
P42658	1804	DPP6	chromatin immunoprecipitation assay	27924024	Homo sapiens	GTRD	No
Q8N2G6	219654	ZCCHC24	chromatin immunoprecipitation assay	27924024	Homo sapiens	GTRD	No
P0CG20	146325	PRR35	chromatin immunoprecipitation assay	27924024	Homo sapiens	GTRD	No
Q9NR46	56904	SH3GLB2	chromatin immunoprecipitation assay	27924024	Homo sapiens	GTRD	No
Q8WWZ4	10349	ABCA10	chromatin immunoprecipitation assay	27924024	Homo sapiens	GTRD	No
Q562E7	124997	WDR81	chromatin immunoprecipitation assay	27924024	Homo sapiens	GTRD	No
O15164	8805	TRIM24	chromatin immunoprecipitation assay	27924024	Homo sapiens	GTRD	No
Q8NDA2	NA	HMCN2	chromatin immunoprecipitation assay	27924024	Homo sapiens	GTRD	No
Q9Y3Y4	26108	PYGO1	chromatin immunoprecipitation assay	27924024	Homo sapiens	GTRD	No
Q9H9S3	55176	SEC61A2	chromatin immunoprecipitation assay	27924024	Homo sapiens	GTRD	No
P46597	438	ASMT	chromatin immunoprecipitation assay	27924024	Homo sapiens	GTRD	No
P04818	7298	TYMS	chromatin immunoprecipitation assay	27924024	Homo sapiens	GTRD	No
Q96NJ5	114792	KLHL32	chromatin immunoprecipitation assay	27924024	Homo sapiens	GTRD	No
Q06418	7301	TYRO3	chromatin immunoprecipitation assay	27924024	Homo sapiens	GTRD	No
Q9H7P9	64857	PLEKHG2	chromatin immunoprecipitation assay	27924024	Homo sapiens	GTRD	No
Q9UKP5	11174	ADAMTS6	chromatin immunoprecipitation assay	27924024	Homo sapiens	GTRD	No
Q13042	8881	CDC16	chromatin immunoprecipitation assay	27924024	Homo sapiens	GTRD	No
Q96D71	85021	REPS1	chromatin immunoprecipitation assay	27924024	Homo sapiens	GTRD	No
Q9Y294	25842	ASF1A	chromatin immunoprecipitation assay	27924024	Homo sapiens	GTRD	No
Q8TAD7	387882	OCC1	chromatin immunoprecipitation assay	27924024	Homo sapiens	GTRD	No
Q9UPQ9	23112	TNRC6B	chromatin immunoprecipitation assay	27924024	Homo sapiens	GTRD	No
Q9P2F9	57567	ZNF319	chromatin immunoprecipitation assay	27924024	Homo sapiens	GTRD	No
Q96A46	81894	SLC25A28	chromatin immunoprecipitation assay	27924024	Homo sapiens	GTRD	No
Q9Y4K1	202	CRYBG1	chromatin immunoprecipitation assay	27924024	Homo sapiens	GTRD	No
Q93009	7874	USP7	chromatin immunoprecipitation assay	27924024	Homo sapiens	GTRD	No
P23435	869	CBLN1	chromatin immunoprecipitation assay	27924024	Homo sapiens	GTRD	No
Q969P6	116447	TOP1MT	chromatin immunoprecipitation assay	27924024	Homo sapiens	GTRD	No
P56693	6663	SOX10	chromatin immunoprecipitation assay	27924024	Homo sapiens	GTRD	No
Q9NXG6	54681	P4HTM	chromatin immunoprecipitation assay	27924024	Homo sapiens	GTRD	No
Q86V21	65985	AACS	chromatin immunoprecipitation assay	27924024	Homo sapiens	GTRD	No
Q9UH03	55964	SEPTIN3	chromatin immunoprecipitation assay	27924024	Homo sapiens	GTRD	No
P52429	8526	DGKE	chromatin immunoprecipitation assay	27924024	Homo sapiens	GTRD	No
Q3L8U1	80205	CHD9	chromatin immunoprecipitation assay	27924024	Homo sapiens	GTRD	No
O75093	6585	SLIT1	chromatin immunoprecipitation assay	27924024	Homo sapiens	GTRD	No
Q8NHQ8	11228	RASSF8	chromatin immunoprecipitation assay	27924024	Homo sapiens	GTRD	No
Q9UKB1	23291	FBXW11	chromatin immunoprecipitation assay	27924024	Homo sapiens	GTRD	No
O94910	22859	ADGRL1	chromatin immunoprecipitation assay	27924024	Homo sapiens	GTRD	No
Q13253	9241	NOG	chromatin immunoprecipitation assay	27924024	Homo sapiens	GTRD	No
Q13029	7799	PRDM2	chromatin immunoprecipitation assay	27924024	Homo sapiens	GTRD	No
Q9BZM3	170825	GSX2	chromatin immunoprecipitation assay	27924024	Homo sapiens	GTRD	No
Q9NR55	55509	BATF3	chromatin immunoprecipitation assay	27924024	Homo sapiens	GTRD	No
Q9HA82	79603	CERS4	chromatin immunoprecipitation assay	27924024	Homo sapiens	GTRD	No
O14908	10755	GIPC1	chromatin immunoprecipitation assay	27924024	Homo sapiens	GTRD	No
Q562F6	151246	SGO2	chromatin immunoprecipitation assay	27924024	Homo sapiens	GTRD	No
Q8WUX9	91782	CHMP7	chromatin immunoprecipitation assay	27924024	Homo sapiens	GTRD	No
Q86Y33	166979	CDC20B	chromatin immunoprecipitation assay	27924024	Homo sapiens	GTRD	No
O14807	22808	MRAS	chromatin immunoprecipitation assay	27924024	Homo sapiens	GTRD	No
Q4AE62	79712	GTDC1	chromatin immunoprecipitation assay	27924024	Homo sapiens	GTRD	No
Q6ZVX9	344838	PAQR9	chromatin immunoprecipitation assay	27924024	Homo sapiens	GTRD	No
Q9H1P3	9885	OSBPL2	chromatin immunoprecipitation assay	27924024	Homo sapiens	GTRD	No
O15072	9508	ADAMTS3	chromatin immunoprecipitation assay	27924024	Homo sapiens	GTRD	No
Q9BQI3	27102	EIF2AK1	chromatin immunoprecipitation assay	27924024	Homo sapiens	GTRD	No
P35226	100532731,648	BMI1	chromatin immunoprecipitation assay	27924024	Homo sapiens	GTRD	No
Q8TAE6	81706	PPP1R14C	chromatin immunoprecipitation assay	27924024	Homo sapiens	GTRD	No
Q8TDW4	54879	ST7L	chromatin immunoprecipitation assay	27924024	Homo sapiens	GTRD	No
Q9H741	79794	SPRING	chromatin immunoprecipitation assay	27924024	Homo sapiens	GTRD	No
Q6F5E8	146206	CARMIL2	chromatin immunoprecipitation assay	27924024	Homo sapiens	GTRD	No
O43823	10270	AKAP8	chromatin immunoprecipitation assay	27924024	Homo sapiens	GTRD	No
Q969Q5	53917	RAB24	chromatin immunoprecipitation assay	27924024	Homo sapiens	GTRD	No
Q96JH8	55698	RADIL	chromatin immunoprecipitation assay	27924024	Homo sapiens	GTRD	No
Q8NI29	126433	FBXO27	chromatin immunoprecipitation assay	27924024	Homo sapiens	GTRD	No
Q9NRG0	54108	CHRAC1	chromatin immunoprecipitation assay	27924024	Homo sapiens	GTRD	No
Q9UHQ1	26502	NARF	chromatin immunoprecipitation assay	27924024	Homo sapiens	GTRD	No
P18124	6129	RPL7	chromatin immunoprecipitation assay	27924024	Homo sapiens	GTRD	No
Q8TB73	79625	NDNF	chromatin immunoprecipitation assay	27924024	Homo sapiens	GTRD	No
P09603	1435	CSF1	chromatin immunoprecipitation assay	27924024	Homo sapiens	GTRD	No
Q9H7C4	81493	SYNC	chromatin immunoprecipitation assay	27924024	Homo sapiens	GTRD	No
Q7Z695	90956	ADCK2	chromatin immunoprecipitation assay	27924024	Homo sapiens	GTRD	No
Q3KNW1	333929	SNAI3	chromatin immunoprecipitation assay	27924024	Homo sapiens	GTRD	No
Q08043	89	ACTN3	chromatin immunoprecipitation assay	27924024	Homo sapiens	GTRD	No
Q5T2E6	79591	ARMH3	chromatin immunoprecipitation assay	27924024	Homo sapiens	GTRD	No
P07099	2052	EPHX1	chromatin immunoprecipitation assay	27924024	Homo sapiens	GTRD	No
Q8NG27	64219	PJA1	chromatin immunoprecipitation assay	27924024	Homo sapiens	GTRD	No
O14917	27253	PCDH17	chromatin immunoprecipitation assay	27924024	Homo sapiens	GTRD	No
Q8TDI0	26038	CHD5	chromatin immunoprecipitation assay	27924024	Homo sapiens	GTRD	No
P08138	4804	NGFR	chromatin immunoprecipitation assay	27924024	Homo sapiens	GTRD	No
P23141	1066	CES1	chromatin immunoprecipitation assay	27924024	Homo sapiens	GTRD	No
O43520	5205	ATP8B1	chromatin immunoprecipitation assay	27924024	Homo sapiens	GTRD	No
Q8NDC0	93487	MAPK1IP1L	chromatin immunoprecipitation assay	27924024	Homo sapiens	GTRD	No
Q9P0V9	151011	SEPTIN10	chromatin immunoprecipitation assay	27924024	Homo sapiens	GTRD	No
Q5T8I3	284611	FAM102B	chromatin immunoprecipitation assay	27924024	Homo sapiens	GTRD	No
P06241	2534	FYN	chromatin immunoprecipitation assay	27924024	Homo sapiens	GTRD	No
Q8IUK8	147381	CBLN2	chromatin immunoprecipitation assay	27924024	Homo sapiens	GTRD	No
Q13574	8525	DGKZ	chromatin immunoprecipitation assay	27924024	Homo sapiens	GTRD	No
Q05195	4084	MXD1	chromatin immunoprecipitation assay	27924024	Homo sapiens	GTRD	No
Q8TD84	57453	DSCAML1	chromatin immunoprecipitation assay	27924024	Homo sapiens	GTRD	No
Q8ND24	257160	RNF214	chromatin immunoprecipitation assay	27924024	Homo sapiens	GTRD	No
Q5T4F7	6425	SFRP5	chromatin immunoprecipitation assay	27924024	Homo sapiens	GTRD	No
Q8NGD2	390431	OR4K2	chromatin immunoprecipitation assay	27924024	Homo sapiens	GTRD	No
Q7L2K0	80178	TEDC2	chromatin immunoprecipitation assay	27924024	Homo sapiens	GTRD	No
Q76KP1	338707	B4GALNT4	chromatin immunoprecipitation assay	27924024	Homo sapiens	GTRD	No
A0A0C4DH62	NA	IGHJ1	chromatin immunoprecipitation assay	27924024	Homo sapiens	GTRD	No
Q9ULD0	55753	OGDHL	chromatin immunoprecipitation assay	27924024	Homo sapiens	GTRD	No
P23229	3655	ITGA6	chromatin immunoprecipitation assay	27924024	Homo sapiens	GTRD	No
Q6ZSY5	89801	PPP1R3F	chromatin immunoprecipitation assay	27924024	Homo sapiens	GTRD	No
Q9H425	84886	C1orf198	chromatin immunoprecipitation assay	27924024	Homo sapiens	GTRD	No
O43731	11015	KDELR3	chromatin immunoprecipitation assay	27924024	Homo sapiens	GTRD	No
Q96CH1	115330	GPR146	chromatin immunoprecipitation assay	27924024	Homo sapiens	GTRD	No
Q6EKJ0	389524	GTF2IRD2B	chromatin immunoprecipitation assay	27924024	Homo sapiens	GTRD	No
Q9H324	81794	ADAMTS10	chromatin immunoprecipitation assay	27924024	Homo sapiens	GTRD	No
Q0P5N6	339231	ARL16	chromatin immunoprecipitation assay	27924024	Homo sapiens	GTRD	No
P38606	523	ATP6V1A	chromatin immunoprecipitation assay	27924024	Homo sapiens	GTRD	No
Q5VYK3	NA	ECPAS	chromatin immunoprecipitation assay	27924024	Homo sapiens	GTRD	No
O15068	23263	MCF2L	chromatin immunoprecipitation assay	27924024	Homo sapiens	GTRD	No
Q9Y6K8	26289	AK5	chromatin immunoprecipitation assay	27924024	Homo sapiens	GTRD	No
Q9BXL7	84433	CARD11	chromatin immunoprecipitation assay	27924024	Homo sapiens	GTRD	No
Q8N398	90113	VWA5B2	chromatin immunoprecipitation assay	27924024	Homo sapiens	GTRD	No
Q6UXN7	387990	TOMM20L	chromatin immunoprecipitation assay	27924024	Homo sapiens	GTRD	No
O15090	9745	ZNF536	chromatin immunoprecipitation assay	27924024	Homo sapiens	GTRD	No
Q8N8N0	220441	RNF152	chromatin immunoprecipitation assay	27924024	Homo sapiens	GTRD	No
Q8NES3	3955	LFNG	chromatin immunoprecipitation assay	27924024	Homo sapiens	GTRD	No
Q9H4D0	64084	CLSTN2	chromatin immunoprecipitation assay	27924024	Homo sapiens	GTRD	No
Q8NAA4	89849	ATG16L2	chromatin immunoprecipitation assay	27924024	Homo sapiens	GTRD	No
Q9UPT6	23162	MAPK8IP3	chromatin immunoprecipitation assay	27924024	Homo sapiens	GTRD	No
P63098	5534	PPP3R1	chromatin immunoprecipitation assay	27924024	Homo sapiens	GTRD	No
O60741	348980	HCN1	chromatin immunoprecipitation assay	27924024	Homo sapiens	GTRD	No
Q96RN5	51586	MED15	chromatin immunoprecipitation assay	27924024	Homo sapiens	GTRD	No
Q8N196	147912	SIX5	chromatin immunoprecipitation assay	27924024	Homo sapiens	GTRD	No
O95057	148252	DIRAS1	chromatin immunoprecipitation assay	27924024	Homo sapiens	GTRD	No
O95180	8912	CACNA1H	chromatin immunoprecipitation assay	27924024	Homo sapiens	GTRD	No
P08582	4241	MELTF	chromatin immunoprecipitation assay	27924024	Homo sapiens	GTRD	No
O14522	11122	PTPRT	chromatin immunoprecipitation assay	27924024	Homo sapiens	GTRD	No
P35556	2201	FBN2	chromatin immunoprecipitation assay	27924024	Homo sapiens	GTRD	No
O43516	7456	WIPF1	chromatin immunoprecipitation assay	27924024	Homo sapiens	GTRD	No
P04217	1	A1BG	chromatin immunoprecipitation assay	27924024	Homo sapiens	GTRD	No
O60315	9839	ZEB2	chromatin immunoprecipitation assay	27924024	Homo sapiens	GTRD	No
Q4G0S4	339761	CYP27C1	chromatin immunoprecipitation assay	27924024	Homo sapiens	GTRD	No
P31415	844	CASQ1	chromatin immunoprecipitation assay	27924024	Homo sapiens	GTRD	No
Q7Z7J7	375323	LHFPL4	chromatin immunoprecipitation assay	27924024	Homo sapiens	GTRD	No
S4R3F8	NA	-	chromatin immunoprecipitation assay	27924024	Homo sapiens	GTRD	No
Q9H008	64077	LHPP	chromatin immunoprecipitation assay	27924024	Homo sapiens	GTRD	No
P31314	3195	TLX1	chromatin immunoprecipitation assay	27924024	Homo sapiens	GTRD	No
Q8NBB4	284312	ZSCAN1	chromatin immunoprecipitation assay	27924024	Homo sapiens	GTRD	No
Q6NXR0	56269	IRGC	chromatin immunoprecipitation assay	27924024	Homo sapiens	GTRD	No
Q9NQX0	93166	PRDM6	chromatin immunoprecipitation assay	27924024	Homo sapiens	GTRD	No
Q16629	6432	SRSF7	chromatin immunoprecipitation assay	27924024	Homo sapiens	GTRD	No
O14733	5609	MAP2K7	chromatin immunoprecipitation assay	27924024	Homo sapiens	GTRD	No
Q9UPU5	23358	USP24	chromatin immunoprecipitation assay	27924024	Homo sapiens	GTRD	No
Q9GZZ9	79876	UBA5	chromatin immunoprecipitation assay	27924024	Homo sapiens	GTRD	No
Q9BVM4	87769	GGACT	chromatin immunoprecipitation assay	27924024	Homo sapiens	GTRD	No
Q86V35	164633	CABP7	chromatin immunoprecipitation assay	27924024	Homo sapiens	GTRD	No
Q9HC98	10783	NEK6	chromatin immunoprecipitation assay	27924024	Homo sapiens	GTRD	No
P52790	3101	HK3	chromatin immunoprecipitation assay	27924024	Homo sapiens	GTRD	No
Q13368	4356	MPP3	chromatin immunoprecipitation assay	27924024	Homo sapiens	GTRD	No
Q96G97	26580	BSCL2	chromatin immunoprecipitation assay	27924024	Homo sapiens	GTRD	No
Q13491	2824	GPM6B	chromatin immunoprecipitation assay	27924024	Homo sapiens	GTRD	No
Q8NBQ7	282679	AQP11	chromatin immunoprecipitation assay	27924024	Homo sapiens	GTRD	No
Q9NWH9	79811	SLTM	chromatin immunoprecipitation assay	27924024	Homo sapiens	GTRD	No
P23471	5803	PTPRZ1	chromatin immunoprecipitation assay	27924024	Homo sapiens	GTRD	No
O14531	10570	DPYSL4	chromatin immunoprecipitation assay	27924024	Homo sapiens	GTRD	No
B7ZBB8	648791	PPP1R3G	chromatin immunoprecipitation assay	27924024	Homo sapiens	GTRD	No
Q9NPG3	29855	UBN1	chromatin immunoprecipitation assay	27924024	Homo sapiens	GTRD	No
Q9P299	51226	COPZ2	chromatin immunoprecipitation assay	27924024	Homo sapiens	GTRD	No
O43525	3786	KCNQ3	chromatin immunoprecipitation assay	27924024	Homo sapiens	GTRD	No
Q9NSY1	55589	BMP2K	chromatin immunoprecipitation assay	27924024	Homo sapiens	GTRD	No
O95479	9563	H6PD	chromatin immunoprecipitation assay	27924024	Homo sapiens	GTRD	No
Q86YT6	57534	MIB1	chromatin immunoprecipitation assay	27924024	Homo sapiens	GTRD	No
Q7Z7K6	201161	CENPV	chromatin immunoprecipitation assay	27924024	Homo sapiens	GTRD	No
A8MQT2	440270	GOLGA8B	chromatin immunoprecipitation assay	27924024	Homo sapiens	GTRD	No
Q16739	7357	UGCG	chromatin immunoprecipitation assay	27924024	Homo sapiens	GTRD	No
Q15599	9351	SLC9A3R2	chromatin immunoprecipitation assay	27924024	Homo sapiens	GTRD	No
Q96IZ7	51319	RSRC1	chromatin immunoprecipitation assay	27924024	Homo sapiens	GTRD	No
P31323	5577	PRKAR2B	chromatin immunoprecipitation assay	27924024	Homo sapiens	GTRD	No
Q9NQ90	57101	ANO2	chromatin immunoprecipitation assay	27924024	Homo sapiens	GTRD	No
P36402	6932	TCF7	chromatin immunoprecipitation assay	27924024	Homo sapiens	GTRD	No
Q6QNY0	388552	BLOC1S3	chromatin immunoprecipitation assay	27924024	Homo sapiens	GTRD	No
O15499	2928	GSC2	chromatin immunoprecipitation assay	27924024	Homo sapiens	GTRD	No
P23458	3716	JAK1	chromatin immunoprecipitation assay	27924024	Homo sapiens	GTRD	No
Q14517	2195	FAT1	chromatin immunoprecipitation assay	27924024	Homo sapiens	GTRD	No
Q9NYL2	51776	MAP3K20	chromatin immunoprecipitation assay	27924024	Homo sapiens	GTRD	No
P06681	717	C2	chromatin immunoprecipitation assay	27924024	Homo sapiens	GTRD	No
O43736	9452	ITM2A	chromatin immunoprecipitation assay	27924024	Homo sapiens	GTRD	No
Q5TC12	64756	ATPAF1	chromatin immunoprecipitation assay	27924024	Homo sapiens	GTRD	No
P26640	7407	VARS1	chromatin immunoprecipitation assay	27924024	Homo sapiens	GTRD	No
Q8N3J9	144348	ZNF664	chromatin immunoprecipitation assay	27924024	Homo sapiens	GTRD	No
Q96PM9	25946	ZNF385A	chromatin immunoprecipitation assay	27924024	Homo sapiens	GTRD	No
Q9Y2M2	51066	SSUH2	chromatin immunoprecipitation assay	27924024	Homo sapiens	GTRD	No
Q8TA86	6100	RP9	chromatin immunoprecipitation assay	27924024	Homo sapiens	GTRD	No
P62873	2782	GNB1	chromatin immunoprecipitation assay	27924024	Homo sapiens	GTRD	No
Q0VAM2	153020	RASGEF1B	chromatin immunoprecipitation assay	27924024	Homo sapiens	GTRD	No
C9JLR9	65998	C11orf95	chromatin immunoprecipitation assay	27924024	Homo sapiens	GTRD	No
Q6ZMG9	253782	CERS6	chromatin immunoprecipitation assay	27924024	Homo sapiens	GTRD	No
P49789	2272	FHIT	chromatin immunoprecipitation assay	27924024	Homo sapiens	GTRD	No
Q96CW9	84628	NTNG2	chromatin immunoprecipitation assay	27924024	Homo sapiens	GTRD	No
O60333	23095	KIF1B	chromatin immunoprecipitation assay	27924024	Homo sapiens	GTRD	No
Q86Y56	54919	DNAAF5	chromatin immunoprecipitation assay	27924024	Homo sapiens	GTRD	No
Q12809	3757	KCNH2	chromatin immunoprecipitation assay	27924024	Homo sapiens	GTRD	No
Q7LC44	23237	ARC	chromatin immunoprecipitation assay	27924024	Homo sapiens	GTRD	No
Q8NCD3	55355	HJURP	chromatin immunoprecipitation assay	27924024	Homo sapiens	GTRD	No
Q8TE99	92370	PXYLP1	chromatin immunoprecipitation assay	27924024	Homo sapiens	GTRD	No
C9JCN9	440498	HSBP1L1	chromatin immunoprecipitation assay	27924024	Homo sapiens	GTRD	No
Q9NTI5	23047	PDS5B	chromatin immunoprecipitation assay	27924024	Homo sapiens	GTRD	No
Q86X55	10498	CARM1	chromatin immunoprecipitation assay	27924024	Homo sapiens	GTRD	No
Q96MM6	116835	HSPA12B	chromatin immunoprecipitation assay	27924024	Homo sapiens	GTRD	No
Q9UJ37	10610	ST6GALNAC2	chromatin immunoprecipitation assay	27924024	Homo sapiens	GTRD	No
A6NNA2	NA	SRRM3	chromatin immunoprecipitation assay	27924024	Homo sapiens	GTRD	No
P55107	2662	GDF10	chromatin immunoprecipitation assay	27924024	Homo sapiens	GTRD	No
B4DJY2	387890	TMEM233	chromatin immunoprecipitation assay	27924024	Homo sapiens	GTRD	No
P26012	3696	ITGB8	chromatin immunoprecipitation assay	27924024	Homo sapiens	GTRD	No
P23467	5787	PTPRB	chromatin immunoprecipitation assay	27924024	Homo sapiens	GTRD	No
P51805	55558	PLXNA3	chromatin immunoprecipitation assay	27924024	Homo sapiens	GTRD	No
Q14526	3090	HIC1	chromatin immunoprecipitation assay	27924024	Homo sapiens	GTRD	No
Q86XD8	93550	ZFAND4	chromatin immunoprecipitation assay	27924024	Homo sapiens	GTRD	No
P57764	79792	GSDMD	chromatin immunoprecipitation assay	27924024	Homo sapiens	GTRD	No
O95084	11098	PRSS23	chromatin immunoprecipitation assay	27924024	Homo sapiens	GTRD	No
Q53H96	65263	PYCR3	chromatin immunoprecipitation assay	27924024	Homo sapiens	GTRD	No
Q93063	2132	EXT2	chromatin immunoprecipitation assay	27924024	Homo sapiens	GTRD	No
Q5TEA6	80343	SEL1L2	chromatin immunoprecipitation assay	27924024	Homo sapiens	GTRD	No
Q96JM3	283489	CHAMP1	chromatin immunoprecipitation assay	27924024	Homo sapiens	GTRD	No
Q9H3S7	25930	PTPN23	chromatin immunoprecipitation assay	27924024	Homo sapiens	GTRD	No
Q8IX07	161882	ZFPM1	chromatin immunoprecipitation assay	27924024	Homo sapiens	GTRD	No
Q9H461	8325	FZD8	chromatin immunoprecipitation assay	27924024	Homo sapiens	GTRD	No
Q9UF33	285220	EPHA6	chromatin immunoprecipitation assay	27924024	Homo sapiens	GTRD	No
Q6IQ32	22850	ADNP2	chromatin immunoprecipitation assay	27924024	Homo sapiens	GTRD	No
P84022	4088	SMAD3	chromatin immunoprecipitation assay	27924024	Homo sapiens	GTRD	No
Q9NQX5	56654	NPDC1	chromatin immunoprecipitation assay	27924024	Homo sapiens	GTRD	No
Q6PEZ8	79883	PODNL1	chromatin immunoprecipitation assay	27924024	Homo sapiens	GTRD	No
Q9UGB7	55586	MIOX	chromatin immunoprecipitation assay	27924024	Homo sapiens	GTRD	No
Q8TEZ7	85315	PAQR8	chromatin immunoprecipitation assay	27924024	Homo sapiens	GTRD	No
Q9H8W3	63877	FAM204A	chromatin immunoprecipitation assay	27924024	Homo sapiens	GTRD	No
P41002	899	CCNF	chromatin immunoprecipitation assay	27924024	Homo sapiens	GTRD	No
O60241	576	ADGRB2	chromatin immunoprecipitation assay	27924024	Homo sapiens	GTRD	No
Q08378	2802	GOLGA3	chromatin immunoprecipitation assay	27924024	Homo sapiens	GTRD	No
A4QPB2	91355	LRP5L	chromatin immunoprecipitation assay	27924024	Homo sapiens	GTRD	No
Q8IYB3	10250	SRRM1	chromatin immunoprecipitation assay	27924024	Homo sapiens	GTRD	No
Q8WWM9	114757	CYGB	chromatin immunoprecipitation assay	27924024	Homo sapiens	GTRD	No
Q06481	334	APLP2	chromatin immunoprecipitation assay	27924024	Homo sapiens	GTRD	No
Q9UQ84	9156	EXO1	chromatin immunoprecipitation assay	27924024	Homo sapiens	GTRD	No
P07202	7173	TPO	chromatin immunoprecipitation assay	27924024	Homo sapiens	GTRD	No
Q16656	4899	NRF1	chromatin immunoprecipitation assay	27924024	Homo sapiens	GTRD	No
P55854	6612	SUMO3	chromatin immunoprecipitation assay	27924024	Homo sapiens	GTRD	No
P00740	2158	F9	chromatin immunoprecipitation assay	27924024	Homo sapiens	GTRD	No
Q16555	1808	DPYSL2	chromatin immunoprecipitation assay	27924024	Homo sapiens	GTRD	No
Q96KN3	63876	PKNOX2	chromatin immunoprecipitation assay	27924024	Homo sapiens	GTRD	No
Q8N0Z8	126789	PUSL1	chromatin immunoprecipitation assay	27924024	Homo sapiens	GTRD	No
Q13395	6894	TARBP1	chromatin immunoprecipitation assay	27924024	Homo sapiens	GTRD	No
P0CG48	7316	UBC	chromatin immunoprecipitation assay	27924024	Homo sapiens	GTRD	No
P47989	7498	XDH	chromatin immunoprecipitation assay	27924024	Homo sapiens	GTRD	No
Q6IQ19	126731	CCSAP	chromatin immunoprecipitation assay	27924024	Homo sapiens	GTRD	No
Q8IZ40	283248	RCOR2	chromatin immunoprecipitation assay	27924024	Homo sapiens	GTRD	No
Q96JN2	64753	CCDC136	chromatin immunoprecipitation assay	27924024	Homo sapiens	GTRD	No
Q695T7	340024	SLC6A19	chromatin immunoprecipitation assay	27924024	Homo sapiens	GTRD	No
G3V318	NA	-	chromatin immunoprecipitation assay	27924024	Homo sapiens	GTRD	No
O43653	8000	PSCA	chromatin immunoprecipitation assay	27924024	Homo sapiens	GTRD	No
Q9H246	81563	C1orf21	chromatin immunoprecipitation assay	27924024	Homo sapiens	GTRD	No
Q9HCK8	57680	CHD8	chromatin immunoprecipitation assay	27924024	Homo sapiens	GTRD	No
Q9UHC7	23608	MKRN1	chromatin immunoprecipitation assay	27924024	Homo sapiens	GTRD	No
Q96P20	114548	NLRP3	chromatin immunoprecipitation assay	27924024	Homo sapiens	GTRD	No
P17812	1503	CTPS1	chromatin immunoprecipitation assay	27924024	Homo sapiens	GTRD	No
P55327	7163	TPD52	chromatin immunoprecipitation assay	27924024	Homo sapiens	GTRD	No
O00409	1112	FOXN3	chromatin immunoprecipitation assay	27924024	Homo sapiens	GTRD	No
P08069	3480	IGF1R	chromatin immunoprecipitation assay	27924024	Homo sapiens	GTRD	No
Q12950	2298	FOXD4	chromatin immunoprecipitation assay	27924024	Homo sapiens	GTRD	No
Q8N6M9	90637	ZFAND2A	chromatin immunoprecipitation assay	27924024	Homo sapiens	GTRD	No
Q96BY6	55619	DOCK10	chromatin immunoprecipitation assay	27924024	Homo sapiens	GTRD	No
Q9H6U8	79796	ALG9	chromatin immunoprecipitation assay	27924024	Homo sapiens	GTRD	No
Q9UPV9	22906	TRAK1	chromatin immunoprecipitation assay	27924024	Homo sapiens	GTRD	No
P31350	6241	RRM2	chromatin immunoprecipitation assay	27924024	Homo sapiens	GTRD	No
Q8WWN8	64411	ARAP3	chromatin immunoprecipitation assay	27924024	Homo sapiens	GTRD	No
Q69YW2	375057	STUM	chromatin immunoprecipitation assay	27924024	Homo sapiens	GTRD	No
Q8ND56	26065	LSM14A	chromatin immunoprecipitation assay	27924024	Homo sapiens	GTRD	No
Q9H9G7	192669	AGO3	chromatin immunoprecipitation assay	27924024	Homo sapiens	GTRD	No
Q9Y4P1	23192	ATG4B	chromatin immunoprecipitation assay	27924024	Homo sapiens	GTRD	No
Q969U6	54461	FBXW5	chromatin immunoprecipitation assay	27924024	Homo sapiens	GTRD	No
Q3SY69	160428	ALDH1L2	chromatin immunoprecipitation assay	27924024	Homo sapiens	GTRD	No
Q96JL9	84449	ZNF333	chromatin immunoprecipitation assay	27924024	Homo sapiens	GTRD	No
Q9NXL6	54847	SIDT1	chromatin immunoprecipitation assay	27924024	Homo sapiens	GTRD	No
A0FGR8	57488	ESYT2	chromatin immunoprecipitation assay	27924024	Homo sapiens	GTRD	No
Q86VW0	91404	SESTD1	chromatin immunoprecipitation assay	27924024	Homo sapiens	GTRD	No
Q9P0K7	26064	RAI14	chromatin immunoprecipitation assay	27924024	Homo sapiens	GTRD	No
Q8IY26	403313	PLPP6	chromatin immunoprecipitation assay	27924024	Homo sapiens	GTRD	No
Q9UKG1	26060	APPL1	chromatin immunoprecipitation assay	27924024	Homo sapiens	GTRD	No
P12004	5111	PCNA	chromatin immunoprecipitation assay	27924024	Homo sapiens	GTRD	No
P0C7M8	154790	CLEC2L	chromatin immunoprecipitation assay	27924024	Homo sapiens	GTRD	No
Q14957	2905	GRIN2C	chromatin immunoprecipitation assay	27924024	Homo sapiens	GTRD	No
Q99814	2034	EPAS1	chromatin immunoprecipitation assay	27924024	Homo sapiens	GTRD	No
O00519	2166	FAAH	chromatin immunoprecipitation assay	27924024	Homo sapiens	GTRD	No
Q92614	399687	MYO18A	chromatin immunoprecipitation assay	27924024	Homo sapiens	GTRD	No
Q14118	1605	DAG1	chromatin immunoprecipitation assay	27924024	Homo sapiens	GTRD	No
Q9NUL3	27067	STAU2	chromatin immunoprecipitation assay	27924024	Homo sapiens	GTRD	No
P50995	311	ANXA11	chromatin immunoprecipitation assay	27924024	Homo sapiens	GTRD	No
Q5H8A4	54872	PIGG	chromatin immunoprecipitation assay	27924024	Homo sapiens	GTRD	No
P0C7P0	284106	CISD3	chromatin immunoprecipitation assay	27924024	Homo sapiens	GTRD	No
Q14241	6924	ELOA	chromatin immunoprecipitation assay	27924024	Homo sapiens	GTRD	No
Q8IZD2	55904	KMT2E	chromatin immunoprecipitation assay	27924024	Homo sapiens	GTRD	No
P11277	6710	SPTB	chromatin immunoprecipitation assay	27924024	Homo sapiens	GTRD	No
Q71UI9	94239	H2AZ2	chromatin immunoprecipitation assay	27924024	Homo sapiens	GTRD	No
Q8WY22	140707	BRI3BP	chromatin immunoprecipitation assay	27924024	Homo sapiens	GTRD	No
O43236	5414	SEPTIN4	chromatin immunoprecipitation assay	27924024	Homo sapiens	GTRD	No
Q16775	3029	HAGH	chromatin immunoprecipitation assay	27924024	Homo sapiens	GTRD	No
Q99612	1316	KLF6	chromatin immunoprecipitation assay	27924024	Homo sapiens	GTRD	No
Q6ZMY9	340385	ZNF517	chromatin immunoprecipitation assay	27924024	Homo sapiens	GTRD	No
Q9UBR4	8022	LHX3	chromatin immunoprecipitation assay	27924024	Homo sapiens	GTRD	No
Q14654	3767	KCNJ11	chromatin immunoprecipitation assay	27924024	Homo sapiens	GTRD	No
Q5T089	79906	MORN1	chromatin immunoprecipitation assay	27924024	Homo sapiens	GTRD	No
Q9ULH1	50807	ASAP1	chromatin immunoprecipitation assay	27924024	Homo sapiens	GTRD	No
P51608	4204	MECP2	chromatin immunoprecipitation assay	27924024	Homo sapiens	GTRD	No
Q4ZIN3	91304	TMEM259	chromatin immunoprecipitation assay	27924024	Homo sapiens	GTRD	No
Q9UH62	51566	ARMCX3	chromatin immunoprecipitation assay	27924024	Homo sapiens	GTRD	No
P28472	2562	GABRB3	chromatin immunoprecipitation assay	27924024	Homo sapiens	GTRD	No
P09429	3146	HMGB1	chromatin immunoprecipitation assay	27924024	Homo sapiens	GTRD	No
Q00013	4354	MPP1	chromatin immunoprecipitation assay	27924024	Homo sapiens	GTRD	No
A1KZ92	137902	PXDNL	chromatin immunoprecipitation assay	27924024	Homo sapiens	GTRD	No
P17931	3958	LGALS3	chromatin immunoprecipitation assay	27924024	Homo sapiens	GTRD	No
Q12946	2294	FOXF1	chromatin immunoprecipitation assay	27924024	Homo sapiens	GTRD	No
P55345	3275	PRMT2	chromatin immunoprecipitation assay	27924024	Homo sapiens	GTRD	No
Q9Y6R1	8671	SLC4A4	chromatin immunoprecipitation assay	27924024	Homo sapiens	GTRD	No
Q02446	6671	SP4	chromatin immunoprecipitation assay	27924024	Homo sapiens	GTRD	No
Q8IV32	64925	CCDC71	chromatin immunoprecipitation assay	27924024	Homo sapiens	GTRD	No
Q15904	537	ATP6AP1	chromatin immunoprecipitation assay	27924024	Homo sapiens	GTRD	No
Q96T51	80230	RUFY1	chromatin immunoprecipitation assay	27924024	Homo sapiens	GTRD	No
O43759	9145	SYNGR1	chromatin immunoprecipitation assay	27924024	Homo sapiens	GTRD	No
Q9UKF7	26207	PITPNC1	chromatin immunoprecipitation assay	27924024	Homo sapiens	GTRD	No
Q9Y6A5	10460	TACC3	chromatin immunoprecipitation assay	27924024	Homo sapiens	GTRD	No
Q86UV5	84196	USP48	chromatin immunoprecipitation assay	27924024	Homo sapiens	GTRD	No
Q14439	11245	GPR176	chromatin immunoprecipitation assay	27924024	Homo sapiens	GTRD	No
Q9ULI0	54454	ATAD2B	chromatin immunoprecipitation assay	27924024	Homo sapiens	GTRD	No
P55042	6236	RRAD	chromatin immunoprecipitation assay	27924024	Homo sapiens	GTRD	No
P51617	3654	IRAK1	chromatin immunoprecipitation assay	27924024	Homo sapiens	GTRD	No
O94855	9871	SEC24D	chromatin immunoprecipitation assay	27924024	Homo sapiens	GTRD	No
Q86T65	23500	DAAM2	chromatin immunoprecipitation assay	27924024	Homo sapiens	GTRD	No
Q9NWN3	55030	FBXO34	chromatin immunoprecipitation assay	27924024	Homo sapiens	GTRD	No
P21281	526	ATP6V1B2	chromatin immunoprecipitation assay	27924024	Homo sapiens	GTRD	No
P41240	1445	CSK	chromatin immunoprecipitation assay	27924024	Homo sapiens	GTRD	No
A0AV02	84561	SLC12A8	chromatin immunoprecipitation assay	27924024	Homo sapiens	GTRD	No
O14976	2580	GAK	chromatin immunoprecipitation assay	27924024	Homo sapiens	GTRD	No
Q02556	3394	IRF8	chromatin immunoprecipitation assay	27924024	Homo sapiens	GTRD	No
P46934	4734	NEDD4	chromatin immunoprecipitation assay	27924024	Homo sapiens	GTRD	No
Q9UHF4	53832	IL20RA	chromatin immunoprecipitation assay	27924024	Homo sapiens	GTRD	No
Q8IWT1	6330	SCN4B	chromatin immunoprecipitation assay	27924024	Homo sapiens	GTRD	No
Q9H5I1	79723	SUV39H2	chromatin immunoprecipitation assay	27924024	Homo sapiens	GTRD	No
Q6H8Q1	84448	ABLIM2	chromatin immunoprecipitation assay	27924024	Homo sapiens	GTRD	No
Q32MZ4	9208	LRRFIP1	chromatin immunoprecipitation assay	27924024	Homo sapiens	GTRD	No
Q8IZF0	259232	NALCN	chromatin immunoprecipitation assay	27924024	Homo sapiens	GTRD	No
P10415	596	BCL2	chromatin immunoprecipitation assay	27924024	Homo sapiens	GTRD	No
A0A1B0GUL7	NA	-	chromatin immunoprecipitation assay	27924024	Homo sapiens	GTRD	No
P51828	113	ADCY7	chromatin immunoprecipitation assay	27924024	Homo sapiens	GTRD	No
M0R256	NA	-	chromatin immunoprecipitation assay	27924024	Homo sapiens	GTRD	No
P16989	8531	YBX3	chromatin immunoprecipitation assay	27924024	Homo sapiens	GTRD	No
Q9NRK6	23456	ABCB10	chromatin immunoprecipitation assay	27924024	Homo sapiens	GTRD	No
Q38SD2	79705	LRRK1	chromatin immunoprecipitation assay	27924024	Homo sapiens	GTRD	No
E7EUB6	NA	-	chromatin immunoprecipitation assay	27924024	Homo sapiens	GTRD	No
Q5EBL4	353116	RILPL1	chromatin immunoprecipitation assay	27924024	Homo sapiens	GTRD	No
Q8ND83	122060	SLAIN1	chromatin immunoprecipitation assay	27924024	Homo sapiens	GTRD	No
Q5XXA6	55107	ANO1	chromatin immunoprecipitation assay	27924024	Homo sapiens	GTRD	No
P31153	4144	MAT2A	chromatin immunoprecipitation assay	27924024	Homo sapiens	GTRD	No
O75531	8815	BANF1	chromatin immunoprecipitation assay	27924024	Homo sapiens	GTRD	No
P60371	386674	KRTAP10-6	chromatin immunoprecipitation assay	27924024	Homo sapiens	GTRD	No
Q8NB59	255928	SYT14	chromatin immunoprecipitation assay	27924024	Homo sapiens	GTRD	No
Q93086	5026	P2RX5	chromatin immunoprecipitation assay	27924024	Homo sapiens	GTRD	No
Q8WV15	348013	TMEM255B	chromatin immunoprecipitation assay	27924024	Homo sapiens	GTRD	No
P10828	7068	THRB	chromatin immunoprecipitation assay	27924024	Homo sapiens	GTRD	No
Q8IVC4	201514	ZNF584	chromatin immunoprecipitation assay	27924024	Homo sapiens	GTRD	No
Q8NEG7	414918	DENND6B	chromatin immunoprecipitation assay	27924024	Homo sapiens	GTRD	No
P57071	63977	PRDM15	chromatin immunoprecipitation assay	27924024	Homo sapiens	GTRD	No
Q14571	3709	ITPR2	chromatin immunoprecipitation assay	27924024	Homo sapiens	GTRD	No
P41227	8260	NAA10	chromatin immunoprecipitation assay	27924024	Homo sapiens	GTRD	No
Q9BZ29	23348	DOCK9	chromatin immunoprecipitation assay	27924024	Homo sapiens	GTRD	No
A6NM28	139735	ZFP92	chromatin immunoprecipitation assay	27924024	Homo sapiens	GTRD	No
Q9UF56	64839	FBXL17	chromatin immunoprecipitation assay	27924024	Homo sapiens	GTRD	No
Q99819	398	ARHGDIG	chromatin immunoprecipitation assay	27924024	Homo sapiens	GTRD	No
P56705	54361	WNT4	chromatin immunoprecipitation assay	27924024	Homo sapiens	GTRD	No
Q9BRN9	80213	TM2D3	chromatin immunoprecipitation assay	27924024	Homo sapiens	GTRD	No
Q8NDG6	122402	TDRD9	chromatin immunoprecipitation assay	27924024	Homo sapiens	GTRD	No
P00451	2157	F8	chromatin immunoprecipitation assay	27924024	Homo sapiens	GTRD	No
Q92619	23526	ARHGAP45	chromatin immunoprecipitation assay	27924024	Homo sapiens	GTRD	No
O94763	8725	URI1	chromatin immunoprecipitation assay	27924024	Homo sapiens	GTRD	No
Q9NQZ8	58491	ZNF71	chromatin immunoprecipitation assay	27924024	Homo sapiens	GTRD	No
Q71F56	23389	MED13L	chromatin immunoprecipitation assay	27924024	Homo sapiens	GTRD	No
Q96MP8	154881	KCTD7	chromatin immunoprecipitation assay	27924024	Homo sapiens	GTRD	No
Q14145	9817	KEAP1	chromatin immunoprecipitation assay	27924024	Homo sapiens	GTRD	No
P22105	7148	TNXB	chromatin immunoprecipitation assay	27924024	Homo sapiens	GTRD	No
Q8NHH9	64225	ATL2	chromatin immunoprecipitation assay	27924024	Homo sapiens	GTRD	No
Q8IUR6	153222	CREBRF	chromatin immunoprecipitation assay	27924024	Homo sapiens	GTRD	No
Q4FZB7	51111	KMT5B	chromatin immunoprecipitation assay	27924024	Homo sapiens	GTRD	No
P07225	5627	PROS1	chromatin immunoprecipitation assay	27924024	Homo sapiens	GTRD	No
Q8IV50	256586	LYSMD2	chromatin immunoprecipitation assay	27924024	Homo sapiens	GTRD	No
A2A3K4	138639	PTPDC1	chromatin immunoprecipitation assay	27924024	Homo sapiens	GTRD	No
Q8NC69	200845	KCTD6	chromatin immunoprecipitation assay	27924024	Homo sapiens	GTRD	No
Q6P5W5	55630	SLC39A4	chromatin immunoprecipitation assay	27924024	Homo sapiens	GTRD	No
P57058	30811	HUNK	chromatin immunoprecipitation assay	27924024	Homo sapiens	GTRD	No
Q96KP6	79931	TNIP3	chromatin immunoprecipitation assay	27924024	Homo sapiens	GTRD	No
O14559	115703	ARHGAP33	chromatin immunoprecipitation assay	27924024	Homo sapiens	GTRD	No
Q14558	5635	PRPSAP1	chromatin immunoprecipitation assay	27924024	Homo sapiens	GTRD	No
Q9NYP3	29980	DONSON	chromatin immunoprecipitation assay	27924024	Homo sapiens	GTRD	No
Q969Y2	84705	GTPBP3	chromatin immunoprecipitation assay	27924024	Homo sapiens	GTRD	No
Q92953	9312	KCNB2	chromatin immunoprecipitation assay	27924024	Homo sapiens	GTRD	No
Q8N414	79605	PGBD5	chromatin immunoprecipitation assay	27924024	Homo sapiens	GTRD	No
P12018	7441	VPREB1	chromatin immunoprecipitation assay	27924024	Homo sapiens	GTRD	No
Q8NEH6	55329	MNS1	chromatin immunoprecipitation assay	27924024	Homo sapiens	GTRD	No
P17936	3486	IGFBP3	chromatin immunoprecipitation assay	27924024	Homo sapiens	GTRD	No
Q8IXS8	285172	FAM126B	chromatin immunoprecipitation assay	27924024	Homo sapiens	GTRD	No
Q92729	10076	PTPRU	chromatin immunoprecipitation assay	27924024	Homo sapiens	GTRD	No
O00142	7084	TK2	chromatin immunoprecipitation assay	27924024	Homo sapiens	GTRD	No
Q9BT23	80774	LIMD2	chromatin immunoprecipitation assay	27924024	Homo sapiens	GTRD	No
Q9H269	64601	VPS16	chromatin immunoprecipitation assay	27924024	Homo sapiens	GTRD	No
Q8IUD2	23085	ERC1	chromatin immunoprecipitation assay	27924024	Homo sapiens	GTRD	No
Q9BWD1	39	ACAT2	chromatin immunoprecipitation assay	27924024	Homo sapiens	GTRD	No
Q92628	9778	KIAA0232	chromatin immunoprecipitation assay	27924024	Homo sapiens	GTRD	No
Q86Y97	84787	KMT5C	chromatin immunoprecipitation assay	27924024	Homo sapiens	GTRD	No
Q7RTU7	642658	SCX	chromatin immunoprecipitation assay	27924024	Homo sapiens	GTRD	No
O43474	9314	KLF4	chromatin immunoprecipitation assay	27924024	Homo sapiens	GTRD	No
Q14993	1310	COL19A1	chromatin immunoprecipitation assay	27924024	Homo sapiens	GTRD	No
O14994	8224	SYN3	chromatin immunoprecipitation assay	27924024	Homo sapiens	GTRD	No
Q5SYE7	57224	NHSL1	chromatin immunoprecipitation assay	27924024	Homo sapiens	GTRD	No
P46952	23498	HAAO	chromatin immunoprecipitation assay	27924024	Homo sapiens	GTRD	No
Q96RF0	112574	SNX18	chromatin immunoprecipitation assay	27924024	Homo sapiens	GTRD	No
Q6ZT21	643853	TMPPE	chromatin immunoprecipitation assay	27924024	Homo sapiens	GTRD	No
O75751	6581	SLC22A3	chromatin immunoprecipitation assay	27924024	Homo sapiens	GTRD	No
Q8IUS5	253152	EPHX4	chromatin immunoprecipitation assay	27924024	Homo sapiens	GTRD	No
Q8NDW8	199223	TTC21A	chromatin immunoprecipitation assay	27924024	Homo sapiens	GTRD	No
Q8WXS4	140738	TMEM37	chromatin immunoprecipitation assay	27924024	Homo sapiens	GTRD	No
Q5K4L6	11000	SLC27A3	chromatin immunoprecipitation assay	27924024	Homo sapiens	GTRD	No
Q9NZQ3	51517	NCKIPSD	chromatin immunoprecipitation assay	27924024	Homo sapiens	GTRD	No
Q96S55	56897	WRNIP1	chromatin immunoprecipitation assay	27924024	Homo sapiens	GTRD	No
Q8WW34	100288797	TMEM239	chromatin immunoprecipitation assay	27924024	Homo sapiens	GTRD	No
P27707	1633	DCK	chromatin immunoprecipitation assay	27924024	Homo sapiens	GTRD	No
Q96EP0	55072	RNF31	chromatin immunoprecipitation assay	27924024	Homo sapiens	GTRD	No
Q68DH1	NA	DKFZp313A047	chromatin immunoprecipitation assay	27924024	Homo sapiens	GTRD	No
Q8IYT8	9706	ULK2	chromatin immunoprecipitation assay	27924024	Homo sapiens	GTRD	No
Q6ZTA4	440730	TRIM67	chromatin immunoprecipitation assay	27924024	Homo sapiens	GTRD	No
P0DP58	111188157,66004	LYNX1	chromatin immunoprecipitation assay	27924024	Homo sapiens	GTRD	No
Q6ZW33	84953	MICALCL	chromatin immunoprecipitation assay	27924024	Homo sapiens	GTRD	No
B2RXF5	100128927	ZBTB42	chromatin immunoprecipitation assay	27924024	Homo sapiens	GTRD	No
O94759	7226	TRPM2	chromatin immunoprecipitation assay	27924024	Homo sapiens	GTRD	No
Q92738	9712	USP6NL	chromatin immunoprecipitation assay	27924024	Homo sapiens	GTRD	No
Q00765	7905	REEP5	chromatin immunoprecipitation assay	27924024	Homo sapiens	GTRD	No
O00151	9124	PDLIM1	chromatin immunoprecipitation assay	27924024	Homo sapiens	GTRD	No
P58743	375611	SLC26A5	chromatin immunoprecipitation assay	27924024	Homo sapiens	GTRD	No
Q07864	5426	POLE	chromatin immunoprecipitation assay	27924024	Homo sapiens	GTRD	No
Q9C098	85443	DCLK3	chromatin immunoprecipitation assay	27924024	Homo sapiens	GTRD	No
O75962	7204	TRIO	chromatin immunoprecipitation assay	27924024	Homo sapiens	GTRD	No
Q9BWE0	29803	REPIN1	chromatin immunoprecipitation assay	27924024	Homo sapiens	GTRD	No
Q8IWT6	56262	LRRC8A	chromatin immunoprecipitation assay	27924024	Homo sapiens	GTRD	No
Q8WXE0	57513	CASKIN2	chromatin immunoprecipitation assay	27924024	Homo sapiens	GTRD	No
Q01804	54726	OTUD4	chromatin immunoprecipitation assay	27924024	Homo sapiens	GTRD	No
D6RAR5	NA	-	chromatin immunoprecipitation assay	27924024	Homo sapiens	GTRD	No
O15405	27324	TOX3	chromatin immunoprecipitation assay	27924024	Homo sapiens	GTRD	No
P10644	5573	PRKAR1A	chromatin immunoprecipitation assay	27924024	Homo sapiens	GTRD	No
Q96N28	10650	PRELID3A	chromatin immunoprecipitation assay	27924024	Homo sapiens	GTRD	No
O75123	9831	ZNF623	chromatin immunoprecipitation assay	27924024	Homo sapiens	GTRD	No
Q8WVB6	63922	CHTF18	chromatin immunoprecipitation assay	27924024	Homo sapiens	GTRD	No
Q2M3V2	NA	SOWAHA	chromatin immunoprecipitation assay	27924024	Homo sapiens	GTRD	No
Q92536	9057	SLC7A6	chromatin immunoprecipitation assay	27924024	Homo sapiens	GTRD	No
Q6ZWB6	386617	KCTD8	chromatin immunoprecipitation assay	27924024	Homo sapiens	GTRD	No
Q15303	2066	ERBB4	chromatin immunoprecipitation assay	27924024	Homo sapiens	GTRD	No
O60282	3800	KIF5C	chromatin immunoprecipitation assay	27924024	Homo sapiens	GTRD	No
Q16798	10873	ME3	chromatin immunoprecipitation assay	27924024	Homo sapiens	GTRD	No
Q96M27	133619	PRRC1	chromatin immunoprecipitation assay	27924024	Homo sapiens	GTRD	No
Q86XZ4	65244	SPATS2	chromatin immunoprecipitation assay	27924024	Homo sapiens	GTRD	No
Q9UJX6	29882	ANAPC2	chromatin immunoprecipitation assay	27924024	Homo sapiens	GTRD	No
O00463	7188	TRAF5	chromatin immunoprecipitation assay	27924024	Homo sapiens	GTRD	No
Q96LR5	7325	UBE2E2	chromatin immunoprecipitation assay	27924024	Homo sapiens	GTRD	No
Q9BYC9	55052	MRPL20	chromatin immunoprecipitation assay	27924024	Homo sapiens	GTRD	No
P16278	2720	GLB1	chromatin immunoprecipitation assay	27924024	Homo sapiens	GTRD	No
Q96DN6	114785	MBD6	chromatin immunoprecipitation assay	27924024	Homo sapiens	GTRD	No
Q9BRB3	9091	PIGQ	chromatin immunoprecipitation assay	27924024	Homo sapiens	GTRD	No
Q5TGI0	84553	FAXC	chromatin immunoprecipitation assay	27924024	Homo sapiens	GTRD	No
Q8IWF2	80020	FOXRED2	chromatin immunoprecipitation assay	27924024	Homo sapiens	GTRD	No
A0A1B0GU03	NA	-	chromatin immunoprecipitation assay	27924024	Homo sapiens	GTRD	No
Q9Y232	9425	CDYL	chromatin immunoprecipitation assay	27924024	Homo sapiens	GTRD	No
Q96QV1	64399	HHIP	chromatin immunoprecipitation assay	27924024	Homo sapiens	GTRD	No
Q4G0X9	55036	CCDC40	chromatin immunoprecipitation assay	27924024	Homo sapiens	GTRD	No
Q16394	2131	EXT1	chromatin immunoprecipitation assay	27924024	Homo sapiens	GTRD	No
P26374	1122	CHML	chromatin immunoprecipitation assay	27924024	Homo sapiens	GTRD	No
Q9H2X6	28996	HIPK2	chromatin immunoprecipitation assay	27924024	Homo sapiens	GTRD	No
Q6ZVT0	254173	TTLL10	chromatin immunoprecipitation assay	27924024	Homo sapiens	GTRD	No
Q01813	5214	PFKP	chromatin immunoprecipitation assay	27924024	Homo sapiens	GTRD	No
Q5T8P6	64062	RBM26	chromatin immunoprecipitation assay	27924024	Homo sapiens	GTRD	No
Q6EMB2	23093	TTLL5	chromatin immunoprecipitation assay	27924024	Homo sapiens	GTRD	No
Q15413	6263	RYR3	chromatin immunoprecipitation assay	27924024	Homo sapiens	GTRD	No
P17014	7559	ZNF12	chromatin immunoprecipitation assay	27924024	Homo sapiens	GTRD	No
Q9Y2B5	9605	VPS9D1	chromatin immunoprecipitation assay	27924024	Homo sapiens	GTRD	No
Q92545	23505	TMEM131	chromatin immunoprecipitation assay	27924024	Homo sapiens	GTRD	No
Q6ZMP0	79875	THSD4	chromatin immunoprecipitation assay	27924024	Homo sapiens	GTRD	No
Q684P5	23108	RAP1GAP2	chromatin immunoprecipitation assay	27924024	Homo sapiens	GTRD	No
O75031	11077	HSF2BP	chromatin immunoprecipitation assay	27924024	Homo sapiens	GTRD	No
Q9H0X4	83986	FAM234A	chromatin immunoprecipitation assay	27924024	Homo sapiens	GTRD	No
Q9UJ96	26251	KCNG2	chromatin immunoprecipitation assay	27924024	Homo sapiens	GTRD	No
P53985	6566	SLC16A1	chromatin immunoprecipitation assay	27924024	Homo sapiens	GTRD	No
P51965	7324	UBE2E1	chromatin immunoprecipitation assay	27924024	Homo sapiens	GTRD	No
Q9HB21	59338	PLEKHA1	chromatin immunoprecipitation assay	27924024	Homo sapiens	GTRD	No
O43167	9841	ZBTB24	chromatin immunoprecipitation assay	27924024	Homo sapiens	GTRD	No
Q6NV74	343990	CRACDL	chromatin immunoprecipitation assay	27924024	Homo sapiens	GTRD	No
Q9NQL9	58524	DMRT3	chromatin immunoprecipitation assay	27924024	Homo sapiens	GTRD	No
Q9NVA2	55752	SEPTIN11	chromatin immunoprecipitation assay	27924024	Homo sapiens	GTRD	No
Q9Y219	3714	JAG2	chromatin immunoprecipitation assay	27924024	Homo sapiens	GTRD	No
O75444	4094	MAF	chromatin immunoprecipitation assay	27924024	Homo sapiens	GTRD	No
A0A096LNX7	NA	-	chromatin immunoprecipitation assay	27924024	Homo sapiens	GTRD	No
Q9NW07	140467	ZNF358	chromatin immunoprecipitation assay	27924024	Homo sapiens	GTRD	No
Q7Z422	26099	SZRD1	chromatin immunoprecipitation assay	27924024	Homo sapiens	GTRD	No
Q99218	266	AMELY	chromatin immunoprecipitation assay	27924024	Homo sapiens	GTRD	No
Q9H1J1	65110	UPF3A	chromatin immunoprecipitation assay	27924024	Homo sapiens	GTRD	No
Q96P48	116985	ARAP1	chromatin immunoprecipitation assay	27924024	Homo sapiens	GTRD	No
Q99956	1852	DUSP9	chromatin immunoprecipitation assay	27924024	Homo sapiens	GTRD	No
O95302	11328	FKBP9	chromatin immunoprecipitation assay	27924024	Homo sapiens	GTRD	No
Q86SX6	51218	GLRX5	chromatin immunoprecipitation assay	27924024	Homo sapiens	GTRD	No
P32004	3897	L1CAM	chromatin immunoprecipitation assay	27924024	Homo sapiens	GTRD	No
Q96ME1	NA	FBXL18	chromatin immunoprecipitation assay	27924024	Homo sapiens	GTRD	No
Q9H6K5	80164	PRR36	chromatin immunoprecipitation assay	27924024	Homo sapiens	GTRD	No
P52701	2956	MSH6	chromatin immunoprecipitation assay	27924024	Homo sapiens	GTRD	No
Q9Y3C5	26994	RNF11	chromatin immunoprecipitation assay	27924024	Homo sapiens	GTRD	No
Q2T9J0	219743	TYSND1	chromatin immunoprecipitation assay	27924024	Homo sapiens	GTRD	No
P41162	2117	ETV3	chromatin immunoprecipitation assay	27924024	Homo sapiens	GTRD	No
Q6ZN11	390927	ZNF793	chromatin immunoprecipitation assay	27924024	Homo sapiens	GTRD	No
Q96NT5	113235	SLC46A1	chromatin immunoprecipitation assay	27924024	Homo sapiens	GTRD	No
O00459	5296	PIK3R2	chromatin immunoprecipitation assay	27924024	Homo sapiens	GTRD	No
Q96F07	26999	CYFIP2	chromatin immunoprecipitation assay	27924024	Homo sapiens	GTRD	No
P31277	3237	HOXD11	chromatin immunoprecipitation assay	27924024	Homo sapiens	GTRD	No
Q96G30	112609	MRAP2	chromatin immunoprecipitation assay	27924024	Homo sapiens	GTRD	No
Q9BTD3	80757	TMEM121	chromatin immunoprecipitation assay	27924024	Homo sapiens	GTRD	No
Q9HAP6	64130	LIN7B	chromatin immunoprecipitation assay	27924024	Homo sapiens	GTRD	No
Q96T83	84679	SLC9A7	chromatin immunoprecipitation assay	27924024	Homo sapiens	GTRD	No
Q6YI46	169200	TMEM64	chromatin immunoprecipitation assay	27924024	Homo sapiens	GTRD	No
A0A2R8Y2Y2	NA	-	chromatin immunoprecipitation assay	27924024	Homo sapiens	GTRD	No
P58335	118429	ANTXR2	chromatin immunoprecipitation assay	27924024	Homo sapiens	GTRD	No
Q9BWV1	91653	BOC	chromatin immunoprecipitation assay	27924024	Homo sapiens	GTRD	No
Q9H9L7	79647	AKIRIN1	chromatin immunoprecipitation assay	27924024	Homo sapiens	GTRD	No
Q13200	5708	PSMD2	chromatin immunoprecipitation assay	27924024	Homo sapiens	GTRD	No
Q96RU8	10221	TRIB1	chromatin immunoprecipitation assay	27924024	Homo sapiens	GTRD	No
Q86SJ2	347902	AMIGO2	chromatin immunoprecipitation assay	27924024	Homo sapiens	GTRD	No
P20020	490	ATP2B1	chromatin immunoprecipitation assay	27924024	Homo sapiens	GTRD	No
Q2M3G4	134549	SHROOM1	chromatin immunoprecipitation assay	27924024	Homo sapiens	GTRD	No
Q96D05	219738	FAM241B	chromatin immunoprecipitation assay	27924024	Homo sapiens	GTRD	No
Q24JP5	54972	TMEM132A	chromatin immunoprecipitation assay	27924024	Homo sapiens	GTRD	No
P51649	7915	ALDH5A1	chromatin immunoprecipitation assay	27924024	Homo sapiens	GTRD	No
H7C1D0	NA	-	chromatin immunoprecipitation assay	27924024	Homo sapiens	GTRD	No
O94887	9855	FARP2	chromatin immunoprecipitation assay	27924024	Homo sapiens	GTRD	No
Q5DX21	152404	IGSF11	chromatin immunoprecipitation assay	27924024	Homo sapiens	GTRD	No
Q14493	7884	SLBP	chromatin immunoprecipitation assay	27924024	Homo sapiens	GTRD	No
Q9NZC4	26298	EHF	chromatin immunoprecipitation assay	27924024	Homo sapiens	GTRD	No
O75128	23242	COBL	chromatin immunoprecipitation assay	27924024	Homo sapiens	GTRD	No
P28289	7111	TMOD1	chromatin immunoprecipitation assay	27924024	Homo sapiens	GTRD	No
O75251	374291	NDUFS7	chromatin immunoprecipitation assay	27924024	Homo sapiens	GTRD	No
Q8N9V3	151525	WDSUB1	chromatin immunoprecipitation assay	27924024	Homo sapiens	GTRD	No
O95825	9946	CRYZL1	chromatin immunoprecipitation assay	27924024	Homo sapiens	GTRD	No
Q92664	2971	GTF3A	chromatin immunoprecipitation assay	27924024	Homo sapiens	GTRD	No
Q9BYW2	29072	SETD2	chromatin immunoprecipitation assay	27924024	Homo sapiens	GTRD	No
A6NGB9	644150	WIPF3	chromatin immunoprecipitation assay	27924024	Homo sapiens	GTRD	No
Q8WZ73	117584	RFFL	chromatin immunoprecipitation assay	27924024	Homo sapiens	GTRD	No
P48147	5550	PREP	chromatin immunoprecipitation assay	27924024	Homo sapiens	GTRD	No
Q5SRE5	23511	NUP188	chromatin immunoprecipitation assay	27924024	Homo sapiens	GTRD	No
Q969L2	114569	MAL2	chromatin immunoprecipitation assay	27924024	Homo sapiens	GTRD	No
Q02487	1824	DSC2	chromatin immunoprecipitation assay	27924024	Homo sapiens	GTRD	No
O00468	375790	AGRN	chromatin immunoprecipitation assay	27924024	Homo sapiens	GTRD	No
Q9GZU1	57192	MCOLN1	chromatin immunoprecipitation assay	27924024	Homo sapiens	GTRD	No
P29350	5777	PTPN6	chromatin immunoprecipitation assay	27924024	Homo sapiens	GTRD	No
O43286	9334	B4GALT5	chromatin immunoprecipitation assay	27924024	Homo sapiens	GTRD	No
Q13310	8761	PABPC4	chromatin immunoprecipitation assay	27924024	Homo sapiens	GTRD	No
Q7Z3B3	284058	KANSL1	chromatin immunoprecipitation assay	27924024	Homo sapiens	GTRD	No
Q9P219	440193	CCDC88C	chromatin immunoprecipitation assay	27924024	Homo sapiens	GTRD	No
P30305	994	CDC25B	chromatin immunoprecipitation assay	27924024	Homo sapiens	GTRD	No
O15230	3911	LAMA5	chromatin immunoprecipitation assay	27924024	Homo sapiens	GTRD	No
Q6NVY1	26275	HIBCH	chromatin immunoprecipitation assay	27924024	Homo sapiens	GTRD	No
P53779	5602	MAPK10	chromatin immunoprecipitation assay	27924024	Homo sapiens	GTRD	No
P05026	481	ATP1B1	chromatin immunoprecipitation assay	27924024	Homo sapiens	GTRD	No
Q9P2T0	51298	THEG	chromatin immunoprecipitation assay	27924024	Homo sapiens	GTRD	No
Q9NXR5	55608	ANKRD10	chromatin immunoprecipitation assay	27924024	Homo sapiens	GTRD	No
Q9UJJ7	113000	RPUSD1	chromatin immunoprecipitation assay	27924024	Homo sapiens	GTRD	No
Q8N336	55531	ELMOD1	chromatin immunoprecipitation assay	27924024	Homo sapiens	GTRD	No
P84077	375	ARF1	chromatin immunoprecipitation assay	27924024	Homo sapiens	GTRD	No
O75976	1362	CPD	chromatin immunoprecipitation assay	27924024	Homo sapiens	GTRD	No
P17858	5211	PFKL	chromatin immunoprecipitation assay	27924024	Homo sapiens	GTRD	No
Q02083	27163	NAAA	chromatin immunoprecipitation assay	27924024	Homo sapiens	GTRD	No
Q15418	6195	RPS6KA1	chromatin immunoprecipitation assay	27924024	Homo sapiens	GTRD	No
A0A0D9SFI3	NA	-	chromatin immunoprecipitation assay	27924024	Homo sapiens	GTRD	No
P06702	6280	S100A9	chromatin immunoprecipitation assay	27924024	Homo sapiens	GTRD	No
Q9UPN4	22994	CEP131	chromatin immunoprecipitation assay	27924024	Homo sapiens	GTRD	No
P30740	1992	SERPINB1	chromatin immunoprecipitation assay	27924024	Homo sapiens	GTRD	No
Q99873	3276	PRMT1	chromatin immunoprecipitation assay	27924024	Homo sapiens	GTRD	No
Q00577	5813	PURA	chromatin immunoprecipitation assay	27924024	Homo sapiens	GTRD	No
P48995	7220	TRPC1	chromatin immunoprecipitation assay	27924024	Homo sapiens	GTRD	No
Q2WGJ8	340393	TMEM249	chromatin immunoprecipitation assay	27924024	Homo sapiens	GTRD	No
A6NK58	387787	LIPT2	chromatin immunoprecipitation assay	27924024	Homo sapiens	GTRD	No
Q92673	6653	SORL1	chromatin immunoprecipitation assay	27924024	Homo sapiens	GTRD	No
Q9H0X9	114879	OSBPL5	chromatin immunoprecipitation assay	27924024	Homo sapiens	GTRD	No
Q8TBP6	55972	SLC25A40	chromatin immunoprecipitation assay	27924024	Homo sapiens	GTRD	No
Q6WRX3	440590	ZYG11A	chromatin immunoprecipitation assay	27924024	Homo sapiens	GTRD	No
Q8IZJ1	219699	UNC5B	chromatin immunoprecipitation assay	27924024	Homo sapiens	GTRD	No
B4DU55	345462	ZNF879	chromatin immunoprecipitation assay	27924024	Homo sapiens	GTRD	No
P78413	50805	IRX4	chromatin immunoprecipitation assay	27924024	Homo sapiens	GTRD	No
Q8IYJ0	196500	PIANP	chromatin immunoprecipitation assay	27924024	Homo sapiens	GTRD	No
Q53T59	64342	HS1BP3	chromatin immunoprecipitation assay	27924024	Homo sapiens	GTRD	No
P34969	3363	HTR7	chromatin immunoprecipitation assay	27924024	Homo sapiens	GTRD	No
Q9UH99	25777	SUN2	chromatin immunoprecipitation assay	27924024	Homo sapiens	GTRD	No
Q9UBX3	1468	SLC25A10	chromatin immunoprecipitation assay	27924024	Homo sapiens	GTRD	No
Q99447	5833	PCYT2	chromatin immunoprecipitation assay	27924024	Homo sapiens	GTRD	No
Q9BSF0	84281	C2orf88	chromatin immunoprecipitation assay	27924024	Homo sapiens	GTRD	No
P78312	8603	FAM193A	chromatin immunoprecipitation assay	27924024	Homo sapiens	GTRD	No
P36888	2322	FLT3	chromatin immunoprecipitation assay	27924024	Homo sapiens	GTRD	No
H3BQB6	401236	STMND1	chromatin immunoprecipitation assay	27924024	Homo sapiens	GTRD	No
P24592	3489	IGFBP6	chromatin immunoprecipitation assay	27924024	Homo sapiens	GTRD	No
P05549	7020	TFAP2A	chromatin immunoprecipitation assay	27924024	Homo sapiens	GTRD	No
Q5VT40	149297	FAM78B	chromatin immunoprecipitation assay	27924024	Homo sapiens	GTRD	No
P17252	5578	PRKCA	chromatin immunoprecipitation assay	27924024	Homo sapiens	GTRD	No
B1AJZ9	114827	FHAD1	chromatin immunoprecipitation assay	27924024	Homo sapiens	GTRD	No
Q6ZN16	389840	MAP3K15	chromatin immunoprecipitation assay	27924024	Homo sapiens	GTRD	No
O75146	9026	HIP1R	chromatin immunoprecipitation assay	27924024	Homo sapiens	GTRD	No
P30626	6717	SRI	chromatin immunoprecipitation assay	27924024	Homo sapiens	GTRD	No
Q8N859	NA	ZNF713	chromatin immunoprecipitation assay	27924024	Homo sapiens	GTRD	No
P56645	8863	PER3	chromatin immunoprecipitation assay	27924024	Homo sapiens	GTRD	No
Q8IVV8	128414	NKAIN4	chromatin immunoprecipitation assay	27924024	Homo sapiens	GTRD	No
Q8IW92	89944	GLB1L2	chromatin immunoprecipitation assay	27924024	Homo sapiens	GTRD	No
Q14186	7027	TFDP1	chromatin immunoprecipitation assay	27924024	Homo sapiens	GTRD	No
M0QYC6	NA	-	chromatin immunoprecipitation assay	27924024	Homo sapiens	GTRD	No
Q6ZTU2	NA	EP400P1	chromatin immunoprecipitation assay	27924024	Homo sapiens	GTRD	No
Q96T88	29128	UHRF1	chromatin immunoprecipitation assay	27924024	Homo sapiens	GTRD	No
O75783	9028	RHBDL1	chromatin immunoprecipitation assay	27924024	Homo sapiens	GTRD	No
Q6ZVD8	23035	PHLPP2	chromatin immunoprecipitation assay	27924024	Homo sapiens	GTRD	No
Q9Y6X0	26040	SETBP1	chromatin immunoprecipitation assay	27924024	Homo sapiens	GTRD	No
Q08AE8	56907	SPIRE1	chromatin immunoprecipitation assay	27924024	Homo sapiens	GTRD	No
Q9P2S6	51281	ANKMY1	chromatin immunoprecipitation assay	27924024	Homo sapiens	GTRD	No
Q8TDC3	84446	BRSK1	chromatin immunoprecipitation assay	27924024	Homo sapiens	GTRD	No
Q8N3F0	222166	MTURN	chromatin immunoprecipitation assay	27924024	Homo sapiens	GTRD	No
Q96KT7	83650	SLC35G5	chromatin immunoprecipitation assay	27924024	Homo sapiens	GTRD	No
P26599	5725	PTBP1	chromatin immunoprecipitation assay	27924024	Homo sapiens	GTRD	No
O75581	4040	LRP6	chromatin immunoprecipitation assay	27924024	Homo sapiens	GTRD	No
P21802	2263	FGFR2	chromatin immunoprecipitation assay	27924024	Homo sapiens	GTRD	No
Q63HN8	57674	RNF213	chromatin immunoprecipitation assay	27924024	Homo sapiens	GTRD	No
P36897	7046	TGFBR1	chromatin immunoprecipitation assay	27924024	Homo sapiens	GTRD	No
Q92994	2972	BRF1	chromatin immunoprecipitation assay	27924024	Homo sapiens	GTRD	No
Q9HBB8	53841	CDHR5	chromatin immunoprecipitation assay	27924024	Homo sapiens	GTRD	No
Q17RB8	91694	LONRF1	chromatin immunoprecipitation assay	27924024	Homo sapiens	GTRD	No
Q9Y255	27166	PRELID1	chromatin immunoprecipitation assay	27924024	Homo sapiens	GTRD	No
Q15761	4889	NPY5R	chromatin immunoprecipitation assay	27924024	Homo sapiens	GTRD	No
Q9P035	51495	HACD3	chromatin immunoprecipitation assay	27924024	Homo sapiens	GTRD	No
Q70CQ1	25862	USP49	chromatin immunoprecipitation assay	27924024	Homo sapiens	GTRD	No
Q96EB6	23411	SIRT1	chromatin immunoprecipitation assay	27924024	Homo sapiens	GTRD	No
P84095	391	RHOG	chromatin immunoprecipitation assay	27924024	Homo sapiens	GTRD	No
Q9BWH2	65991	FUNDC2	chromatin immunoprecipitation assay	27924024	Homo sapiens	GTRD	No
P09497	1212	CLTB	chromatin immunoprecipitation assay	27924024	Homo sapiens	GTRD	No
Q14296	10922	FASTK	chromatin immunoprecipitation assay	27924024	Homo sapiens	GTRD	No
Q9H1Z8	84417	ECRG4	chromatin immunoprecipitation assay	27924024	Homo sapiens	GTRD	No
Q7L2E3	22907	DHX30	chromatin immunoprecipitation assay	27924024	Homo sapiens	GTRD	No
Q96DB5	51115	RMDN1	chromatin immunoprecipitation assay	27924024	Homo sapiens	GTRD	No
Q9UPP2	440073	IQSEC3	chromatin immunoprecipitation assay	27924024	Homo sapiens	GTRD	No
Q9Y2D8	117178	SSX2IP	chromatin immunoprecipitation assay	27924024	Homo sapiens	GTRD	No
Q86VN1	51028	VPS36	chromatin immunoprecipitation assay	27924024	Homo sapiens	GTRD	No
Q3ZCU0	100506127	GVQW3	chromatin immunoprecipitation assay	27924024	Homo sapiens	GTRD	No
Q9BXW6	114876	OSBPL1A	chromatin immunoprecipitation assay	27924024	Homo sapiens	GTRD	No
Q9NYF0	51339	DACT1	chromatin immunoprecipitation assay	27924024	Homo sapiens	GTRD	No
Q96MU8	83999	KREMEN1	chromatin immunoprecipitation assay	27924024	Homo sapiens	GTRD	No
O75054	3321	IGSF3	chromatin immunoprecipitation assay	27924024	Homo sapiens	GTRD	No
A6NCS6	257407	C2orf72	chromatin immunoprecipitation assay	27924024	Homo sapiens	GTRD	No
P35613	682	BSG	chromatin immunoprecipitation assay	27924024	Homo sapiens	GTRD	No
Q9Y2G0	22979	EFR3B	chromatin immunoprecipitation assay	27924024	Homo sapiens	GTRD	No
Q96L58	126792	B3GALT6	chromatin immunoprecipitation assay	27924024	Homo sapiens	GTRD	No
P68871	3043	HBB	chromatin immunoprecipitation assay	27924024	Homo sapiens	GTRD	No
P29992	2767	GNA11	chromatin immunoprecipitation assay	27924024	Homo sapiens	GTRD	No
Q96MX0	123920	CMTM3	chromatin immunoprecipitation assay	27924024	Homo sapiens	GTRD	No
P21912	6390	SDHB	chromatin immunoprecipitation assay	27924024	Homo sapiens	GTRD	No
Q9P246	57620	STIM2	chromatin immunoprecipitation assay	27924024	Homo sapiens	GTRD	No
Q9NRQ5	56935	SMCO4	chromatin immunoprecipitation assay	27924024	Homo sapiens	GTRD	No
Q9NR16	283316	CD163L1	chromatin immunoprecipitation assay	27924024	Homo sapiens	GTRD	No
Q9ULM6	NA	CNOT6	chromatin immunoprecipitation assay	27924024	Homo sapiens	GTRD	No
Q8TDD2	121340	SP7	chromatin immunoprecipitation assay	27924024	Homo sapiens	GTRD	No
P24588	9495	AKAP5	chromatin immunoprecipitation assay	27924024	Homo sapiens	GTRD	No
Q9Y365	10809	STARD10	chromatin immunoprecipitation assay	27924024	Homo sapiens	GTRD	No
Q00169	5306	PITPNA	chromatin immunoprecipitation assay	27924024	Homo sapiens	GTRD	No
Q5F1R6	134218	DNAJC21	chromatin immunoprecipitation assay	27924024	Homo sapiens	GTRD	No
Q8NFM7	54756	IL17RD	chromatin immunoprecipitation assay	27924024	Homo sapiens	GTRD	No
P78330	5723	PSPH	chromatin immunoprecipitation assay	27924024	Homo sapiens	GTRD	No
Q01432	272	AMPD3	chromatin immunoprecipitation assay	27924024	Homo sapiens	GTRD	No
Q3KR37	57476	GRAMD1B	chromatin immunoprecipitation assay	27924024	Homo sapiens	GTRD	No
Q8WV74	254552	NUDT8	chromatin immunoprecipitation assay	27924024	Homo sapiens	GTRD	No
Q4LE39	51742	ARID4B	chromatin immunoprecipitation assay	27924024	Homo sapiens	GTRD	No
Q2KHR2	64864	RFX7	chromatin immunoprecipitation assay	27924024	Homo sapiens	GTRD	No
O75366	10677	AVIL	chromatin immunoprecipitation assay	27924024	Homo sapiens	GTRD	No
Q9BQE4	55829	SELENOS	chromatin immunoprecipitation assay	27924024	Homo sapiens	GTRD	No
Q17RC7	91828	EXOC3L4	chromatin immunoprecipitation assay	27924024	Homo sapiens	GTRD	No
Q9NZD8	51324	SPG21	chromatin immunoprecipitation assay	27924024	Homo sapiens	GTRD	No
O00192	421	ARVCF	chromatin immunoprecipitation assay	27924024	Homo sapiens	GTRD	No
Q9BT73	84262	PSMG3	chromatin immunoprecipitation assay	27924024	Homo sapiens	GTRD	No
Q6ZUT9	160518	DENND5B	chromatin immunoprecipitation assay	27924024	Homo sapiens	GTRD	No
Q15546	23531	MMD	chromatin immunoprecipitation assay	27924024	Homo sapiens	GTRD	No
Q9UPN9	51592	TRIM33	chromatin immunoprecipitation assay	27924024	Homo sapiens	GTRD	No
M0QYV0	NA	-	chromatin immunoprecipitation assay	27924024	Homo sapiens	GTRD	No
Q9UQ13	8036	SHOC2	chromatin immunoprecipitation assay	27924024	Homo sapiens	GTRD	No
Q9UQQ2	10019	SH2B3	chromatin immunoprecipitation assay	27924024	Homo sapiens	GTRD	No
Q5SZJ8	221336	BEND6	chromatin immunoprecipitation assay	27924024	Homo sapiens	GTRD	No
P40305	3429	IFI27	chromatin immunoprecipitation assay	27924024	Homo sapiens	GTRD	No
Q5VTB9	55182	RNF220	chromatin immunoprecipitation assay	27924024	Homo sapiens	GTRD	No
P10070	2736	GLI2	chromatin immunoprecipitation assay	27924024	Homo sapiens	GTRD	No
Q9Y6W6	11221	DUSP10	chromatin immunoprecipitation assay	27924024	Homo sapiens	GTRD	No
Q6NUK1	29957	SLC25A24	chromatin immunoprecipitation assay	27924024	Homo sapiens	GTRD	No
A2RRH5	253769	WDR27	chromatin immunoprecipitation assay	27924024	Homo sapiens	GTRD	No
A6NKX4	NA	SLC22A31	chromatin immunoprecipitation assay	27924024	Homo sapiens	GTRD	No
Q5VX71	55061	SUSD4	chromatin immunoprecipitation assay	27924024	Homo sapiens	GTRD	No
Q9UBX8	9331	B4GALT6	chromatin immunoprecipitation assay	27924024	Homo sapiens	GTRD	No
Q11203	6487	ST3GAL3	chromatin immunoprecipitation assay	27924024	Homo sapiens	GTRD	No
A0A087WYG4	NA	MROH5	chromatin immunoprecipitation assay	27924024	Homo sapiens	GTRD	No
A6NIX2	126374	WTIP	chromatin immunoprecipitation assay	27924024	Homo sapiens	GTRD	No
P56975	10718	NRG3	chromatin immunoprecipitation assay	27924024	Homo sapiens	GTRD	No
P0DJ93	221710	SMIM13	chromatin immunoprecipitation assay	27924024	Homo sapiens	GTRD	No
Q6UXI9	255743	NPNT	chromatin immunoprecipitation assay	27924024	Homo sapiens	GTRD	No
O15042	23350	U2SURP	chromatin immunoprecipitation assay	27924024	Homo sapiens	GTRD	No
Q13636	11031	RAB31	chromatin immunoprecipitation assay	27924024	Homo sapiens	GTRD	No
P25021	3274	HRH2	chromatin immunoprecipitation assay	27924024	Homo sapiens	GTRD	No
P04920	6522	SLC4A2	chromatin immunoprecipitation assay	27924024	Homo sapiens	GTRD	No
Q9NX62	54928	BPNT2	chromatin immunoprecipitation assay	27924024	Homo sapiens	GTRD	No
Q49A92	116328	C8orf34	chromatin immunoprecipitation assay	27924024	Homo sapiens	GTRD	No
Q9NPR2	10509	SEMA4B	chromatin immunoprecipitation assay	27924024	Homo sapiens	GTRD	No
Q9P2D8	57578	UNC79	chromatin immunoprecipitation assay	27924024	Homo sapiens	GTRD	No
Q9NRA8	56478	EIF4ENIF1	chromatin immunoprecipitation assay	27924024	Homo sapiens	GTRD	No
P0C875	375190	FAM228B	chromatin immunoprecipitation assay	27924024	Homo sapiens	GTRD	No
Q9NW61	55111	PLEKHJ1	chromatin immunoprecipitation assay	27924024	Homo sapiens	GTRD	No
Q96KE9	90135	BTBD6	chromatin immunoprecipitation assay	27924024	Homo sapiens	GTRD	No
O95848	256281	NUDT14	chromatin immunoprecipitation assay	27924024	Homo sapiens	GTRD	No
Q96NW7	NA	LRRC7	chromatin immunoprecipitation assay	27924024	Homo sapiens	GTRD	No
Q9BUG6	79149	ZSCAN5A	chromatin immunoprecipitation assay	27924024	Homo sapiens	GTRD	No
O95747	9943	OXSR1	chromatin immunoprecipitation assay	27924024	Homo sapiens	GTRD	No
Q9UPR0	23228	PLCL2	chromatin immunoprecipitation assay	27924024	Homo sapiens	GTRD	No
Q9UGK8	26297	SERGEF	chromatin immunoprecipitation assay	27924024	Homo sapiens	GTRD	No
Q9BXY4	84870	RSPO3	chromatin immunoprecipitation assay	27924024	Homo sapiens	GTRD	No
O15354	2861	GPR37	chromatin immunoprecipitation assay	27924024	Homo sapiens	GTRD	No
Q7Z3D6	80017	DGLUCY	chromatin immunoprecipitation assay	27924024	Homo sapiens	GTRD	No
Q99685	11343	MGLL	chromatin immunoprecipitation assay	27924024	Homo sapiens	GTRD	No
K7EQU8	NA	-	chromatin immunoprecipitation assay	27924024	Homo sapiens	GTRD	No
Q8N684	79869	CPSF7	chromatin immunoprecipitation assay	27924024	Homo sapiens	GTRD	No
P47211	2587	GALR1	chromatin immunoprecipitation assay	27924024	Homo sapiens	GTRD	No
Q53GT1	84861	KLHL22	chromatin immunoprecipitation assay	27924024	Homo sapiens	GTRD	No
Q6PH81	388272	C16orf87	chromatin immunoprecipitation assay	27924024	Homo sapiens	GTRD	No
M0QZ58	NA	-	chromatin immunoprecipitation assay	27924024	Homo sapiens	GTRD	No
H7C469	NA	-	chromatin immunoprecipitation assay	27924024	Homo sapiens	GTRD	No
Q9NR34	57134	MAN1C1	chromatin immunoprecipitation assay	27924024	Homo sapiens	GTRD	No
Q9Y2U9	23588	KLHDC2	chromatin immunoprecipitation assay	27924024	Homo sapiens	GTRD	No
Q8WYH8	84289	ING5	chromatin immunoprecipitation assay	27924024	Homo sapiens	GTRD	No
Q8WYK0	134526	ACOT12	chromatin immunoprecipitation assay	27924024	Homo sapiens	GTRD	No
Q6ZSG2	642938	INSYN2A	chromatin immunoprecipitation assay	27924024	Homo sapiens	GTRD	No
Q3KQU3	55700	MAP7D1	chromatin immunoprecipitation assay	27924024	Homo sapiens	GTRD	No
Q96EE3	81929	SEH1L	chromatin immunoprecipitation assay	27924024	Homo sapiens	GTRD	No
Q9H720	80157	CWH43	chromatin immunoprecipitation assay	27924024	Homo sapiens	GTRD	No
Q92696	5875	RABGGTA	chromatin immunoprecipitation assay	27924024	Homo sapiens	GTRD	No
Q0VF96	84952	CGNL1	chromatin immunoprecipitation assay	27924024	Homo sapiens	GTRD	No
Q07699	6324	SCN1B	chromatin immunoprecipitation assay	27924024	Homo sapiens	GTRD	No
Q96H72	91252	SLC39A13	chromatin immunoprecipitation assay	27924024	Homo sapiens	GTRD	No
O75182	23309	SIN3B	chromatin immunoprecipitation assay	27924024	Homo sapiens	GTRD	No
Q9Y2G5	23275	POFUT2	chromatin immunoprecipitation assay	27924024	Homo sapiens	GTRD	No
Q13219	5069	PAPPA	chromatin immunoprecipitation assay	27924024	Homo sapiens	GTRD	No
P42857	27065	NSG1	chromatin immunoprecipitation assay	27924024	Homo sapiens	GTRD	No
Q9ULA0	23549	DNPEP	chromatin immunoprecipitation assay	27924024	Homo sapiens	GTRD	No
M0R0L4	NA	-	chromatin immunoprecipitation assay	27924024	Homo sapiens	GTRD	No
Q7Z3E5	80210	ARMC9	chromatin immunoprecipitation assay	27924024	Homo sapiens	GTRD	No
Q5KU26	81035	COLEC12	chromatin immunoprecipitation assay	27924024	Homo sapiens	GTRD	No
O75081	863	CBFA2T3	chromatin immunoprecipitation assay	27924024	Homo sapiens	GTRD	No
P21917	1815	DRD4	chromatin immunoprecipitation assay	27924024	Homo sapiens	GTRD	No
Q6TCH7	152559	PAQR3	chromatin immunoprecipitation assay	27924024	Homo sapiens	GTRD	No
Q9Y6H8	2700	GJA3	chromatin immunoprecipitation assay	27924024	Homo sapiens	GTRD	No
Q13017	394	ARHGAP5	chromatin immunoprecipitation assay	27924024	Homo sapiens	GTRD	No
Q9BQE9	9275	BCL7B	chromatin immunoprecipitation assay	27924024	Homo sapiens	GTRD	No
Q9P273	55714	TENM3	chromatin immunoprecipitation assay	27924024	Homo sapiens	GTRD	No
Q6P1M3	3993	LLGL2	chromatin immunoprecipitation assay	27924024	Homo sapiens	GTRD	No
Q7Z4W1	51181	DCXR	chromatin immunoprecipitation assay	27924024	Homo sapiens	GTRD	No
Q9H7P6	89853	MVB12B	chromatin immunoprecipitation assay	27924024	Homo sapiens	GTRD	No
O15060	9880	ZBTB39	chromatin immunoprecipitation assay	27924024	Homo sapiens	GTRD	No
Q9Y2Y0	23568	ARL2BP	chromatin immunoprecipitation assay	27924024	Homo sapiens	GTRD	No
Q8NEP3	123872	DNAAF1	chromatin immunoprecipitation assay	27924024	Homo sapiens	GTRD	No
P10075	2738	GLI4	chromatin immunoprecipitation assay	27924024	Homo sapiens	GTRD	No
P80192	4293	MAP3K9	chromatin immunoprecipitation assay	27924024	Homo sapiens	GTRD	No
Q96HU8	54769	DIRAS2	chromatin immunoprecipitation assay	27924024	Homo sapiens	GTRD	No
Q01973	4919	ROR1	chromatin immunoprecipitation assay	27924024	Homo sapiens	GTRD	No
Q9NV56	55257	MRGBP	chromatin immunoprecipitation assay	27924024	Homo sapiens	GTRD	No
Q9P2F6	57569	ARHGAP20	chromatin immunoprecipitation assay	27924024	Homo sapiens	GTRD	No
Q9NRC6	51332	SPTBN5	chromatin immunoprecipitation assay	27924024	Homo sapiens	GTRD	No
Q96I82	81621	KAZALD1	chromatin immunoprecipitation assay	27924024	Homo sapiens	GTRD	No
Q15349	6196	RPS6KA2	chromatin immunoprecipitation assay	27924024	Homo sapiens	GTRD	No
Q6ZMS7	100289678	ZNF783	chromatin immunoprecipitation assay	27924024	Homo sapiens	GTRD	No
Q9H9B4	94081	SFXN1	chromatin immunoprecipitation assay	27924024	Homo sapiens	GTRD	No
H7C1W4	NA	-	chromatin immunoprecipitation assay	27924024	Homo sapiens	GTRD	No
P68371	10383	TUBB4B	chromatin immunoprecipitation assay	27924024	Homo sapiens	GTRD	No
Q16612	9315	NREP	chromatin immunoprecipitation assay	27924024	Homo sapiens	GTRD	No
Q8NBM8	78991	PCYOX1L	chromatin immunoprecipitation assay	27924024	Homo sapiens	GTRD	No
Q9BUI4	10623	POLR3C	chromatin immunoprecipitation assay	27924024	Homo sapiens	GTRD	No
Q9NZV8	3751	KCND2	chromatin immunoprecipitation assay	27924024	Homo sapiens	GTRD	No
Q8IXJ9	171023	ASXL1	chromatin immunoprecipitation assay	27924024	Homo sapiens	GTRD	No
Q8N0V4	55203	LGI2	chromatin immunoprecipitation assay	27924024	Homo sapiens	GTRD	No
Q8J025	147495	APCDD1	chromatin immunoprecipitation assay	27924024	Homo sapiens	GTRD	No
P27986	5295	PIK3R1	chromatin immunoprecipitation assay	27924024	Homo sapiens	GTRD	No
P50406	3362	HTR6	chromatin immunoprecipitation assay	27924024	Homo sapiens	GTRD	No
P21926	928	CD9	chromatin immunoprecipitation assay	27924024	Homo sapiens	GTRD	No
Q8TB61	347734	SLC35B2	chromatin immunoprecipitation assay	27924024	Homo sapiens	GTRD	No
Q5VZI3	203197	TMEM268	chromatin immunoprecipitation assay	27924024	Homo sapiens	GTRD	No
Q8NBP0	79573	TTC13	chromatin immunoprecipitation assay	27924024	Homo sapiens	GTRD	No
Q15147	5332	PLCB4	chromatin immunoprecipitation assay	27924024	Homo sapiens	GTRD	No
Q13127	5978	REST	chromatin immunoprecipitation assay	27924024	Homo sapiens	GTRD	No
Q9NSU2	11277	TREX1	chromatin immunoprecipitation assay	27924024	Homo sapiens	GTRD	No
Q96AC6	90990	KIFC2	chromatin immunoprecipitation assay	27924024	Homo sapiens	GTRD	No
Q9H3P2	7469	NELFA	chromatin immunoprecipitation assay	27924024	Homo sapiens	GTRD	No
Q15270	NA	NKX1-1	chromatin immunoprecipitation assay	27924024	Homo sapiens	GTRD	No
Q643R3	254531	LPCAT4	chromatin immunoprecipitation assay	27924024	Homo sapiens	GTRD	No
Q9H6B1	79750	ZNF385D	chromatin immunoprecipitation assay	27924024	Homo sapiens	GTRD	No
Q9Y2W7	30818	KCNIP3	chromatin immunoprecipitation assay	27924024	Homo sapiens	GTRD	No
O14905	7484	WNT9B	chromatin immunoprecipitation assay	27924024	Homo sapiens	GTRD	No
Q8WYJ6	1731	SEPTIN1	chromatin immunoprecipitation assay	27924024	Homo sapiens	GTRD	No
Q8N5Z0	51166	AADAT	chromatin immunoprecipitation assay	27924024	Homo sapiens	GTRD	No
P63279	7329	UBE2I	chromatin immunoprecipitation assay	27924024	Homo sapiens	GTRD	No
Q8NDN9	55213	RCBTB1	chromatin immunoprecipitation assay	27924024	Homo sapiens	GTRD	No
Q9Y4I5	9633	TESMIN	chromatin immunoprecipitation assay	27924024	Homo sapiens	GTRD	No
Q9NP50	58516	SINHCAF	chromatin immunoprecipitation assay	27924024	Homo sapiens	GTRD	No
Q8TCT8	84888	SPPL2A	chromatin immunoprecipitation assay	27924024	Homo sapiens	GTRD	No
Q06323	5720	PSME1	chromatin immunoprecipitation assay	27924024	Homo sapiens	GTRD	No
Q9H000	23609	MKRN2	chromatin immunoprecipitation assay	27924024	Homo sapiens	GTRD	No
Q96EG1	22901	ARSG	chromatin immunoprecipitation assay	27924024	Homo sapiens	GTRD	No
O95260	11101	ATE1	chromatin immunoprecipitation assay	27924024	Homo sapiens	GTRD	No
Q8N5I4	207063	DHRSX	chromatin immunoprecipitation assay	27924024	Homo sapiens	GTRD	No
O75077	8745	ADAM23	chromatin immunoprecipitation assay	27924024	Homo sapiens	GTRD	No
Q8NBN7	112724	RDH13	chromatin immunoprecipitation assay	27924024	Homo sapiens	GTRD	No
O15258	11079	RER1	chromatin immunoprecipitation assay	27924024	Homo sapiens	GTRD	No
Q9GZZ1	80218	NAA50	chromatin immunoprecipitation assay	27924024	Homo sapiens	GTRD	No
Q13237	5593	PRKG2	chromatin immunoprecipitation assay	27924024	Homo sapiens	GTRD	No
Q8TAT6	55666	NPLOC4	chromatin immunoprecipitation assay	27924024	Homo sapiens	GTRD	No
P0CG13	54921	CHTF8	chromatin immunoprecipitation assay	27924024	Homo sapiens	GTRD	No
P07197	4741	NEFM	chromatin immunoprecipitation assay	27924024	Homo sapiens	GTRD	No
Q2TAC2	284001	CCDC57	chromatin immunoprecipitation assay	27924024	Homo sapiens	GTRD	No
Q13136	8500	PPFIA1	chromatin immunoprecipitation assay	27924024	Homo sapiens	GTRD	No
Q8TDF5	81832	NETO1	chromatin immunoprecipitation assay	27924024	Homo sapiens	GTRD	No
Q96KW9	122258	SPACA7	chromatin immunoprecipitation assay	27924024	Homo sapiens	GTRD	No
Q8N5X7	317649	EIF4E3	chromatin immunoprecipitation assay	27924024	Homo sapiens	GTRD	No
P16615	488	ATP2A2	chromatin immunoprecipitation assay	27924024	Homo sapiens	GTRD	No
O15056	8871	SYNJ2	chromatin immunoprecipitation assay	27924024	Homo sapiens	GTRD	No
Q5T0B9	149076	ZNF362	chromatin immunoprecipitation assay	27924024	Homo sapiens	GTRD	No
Q9H211	81620	CDT1	chromatin immunoprecipitation assay	27924024	Homo sapiens	GTRD	No
Q9HCH3	57699	CPNE5	chromatin immunoprecipitation assay	27924024	Homo sapiens	GTRD	No
P50213	3419	IDH3A	chromatin immunoprecipitation assay	27924024	Homo sapiens	GTRD	No
Q9Y5J5	23612	PHLDA3	chromatin immunoprecipitation assay	27924024	Homo sapiens	GTRD	No
P30153	5518	PPP2R1A	chromatin immunoprecipitation assay	27924024	Homo sapiens	GTRD	No
Q8IUK5	57125	PLXDC1	chromatin immunoprecipitation assay	27924024	Homo sapiens	GTRD	No
P49447	1534	CYB561	chromatin immunoprecipitation assay	27924024	Homo sapiens	GTRD	No
O95045	151531	UPP2	chromatin immunoprecipitation assay	27924024	Homo sapiens	GTRD	No
P18846	466	ATF1	chromatin immunoprecipitation assay	27924024	Homo sapiens	GTRD	No
Q6PIY5	339541	ARMH1	chromatin immunoprecipitation assay	27924024	Homo sapiens	GTRD	No
Q8N3G9	222865	TMEM130	chromatin immunoprecipitation assay	27924024	Homo sapiens	GTRD	No
Q8NI35	NA	PATJ	chromatin immunoprecipitation assay	27924024	Homo sapiens	GTRD	No
Q9Y2J2	23136	EPB41L3	chromatin immunoprecipitation assay	27924024	Homo sapiens	GTRD	No
Q9H422	10114	HIPK3	chromatin immunoprecipitation assay	27924024	Homo sapiens	GTRD	No
Q9P278	57600	FNIP2	chromatin immunoprecipitation assay	27924024	Homo sapiens	GTRD	No
Q15165	5445	PON2	chromatin immunoprecipitation assay	27924024	Homo sapiens	GTRD	No
Q6ZVK1	388021	TMEM179	chromatin immunoprecipitation assay	27924024	Homo sapiens	GTRD	No
Q9H7D0	80005	DOCK5	chromatin immunoprecipitation assay	27924024	Homo sapiens	GTRD	No
Q99497	11315	PARK7	chromatin immunoprecipitation assay	27924024	Homo sapiens	GTRD	No
Q9H936	79751	SLC25A22	chromatin immunoprecipitation assay	27924024	Homo sapiens	GTRD	No
Q9BSK0	83742	MARVELD1	chromatin immunoprecipitation assay	27924024	Homo sapiens	GTRD	No
Q86YR5	26086	GPSM1	chromatin immunoprecipitation assay	27924024	Homo sapiens	GTRD	No
A8MTA8	730112	FAM166B	chromatin immunoprecipitation assay	27924024	Homo sapiens	GTRD	No
P35443	7060	THBS4	chromatin immunoprecipitation assay	27924024	Homo sapiens	GTRD	No
A8MYV0	728597	DCDC2C	chromatin immunoprecipitation assay	27924024	Homo sapiens	GTRD	No
P52756	10181	RBM5	chromatin immunoprecipitation assay	27924024	Homo sapiens	GTRD	No
P16422	4072	EPCAM	chromatin immunoprecipitation assay	27924024	Homo sapiens	GTRD	No
Q9HBI1	29780	PARVB	chromatin immunoprecipitation assay	27924024	Homo sapiens	GTRD	No
Q9Y2H9	22983	MAST1	chromatin immunoprecipitation assay	27924024	Homo sapiens	GTRD	No
Q8WWL2	84501	SPIRE2	chromatin immunoprecipitation assay	27924024	Homo sapiens	GTRD	No
O75095	1953	MEGF6	chromatin immunoprecipitation assay	27924024	Homo sapiens	GTRD	No
Q86YD1	53635	PTOV1	chromatin immunoprecipitation assay	27924024	Homo sapiens	GTRD	No
Q5SXM8	728489	DNLZ	chromatin immunoprecipitation assay	27924024	Homo sapiens	GTRD	No
P60709	60	ACTB	chromatin immunoprecipitation assay	27924024	Homo sapiens	GTRD	No
P18754	1104	RCC1	chromatin immunoprecipitation assay	27924024	Homo sapiens	GTRD	No
O94811	11076	TPPP	chromatin immunoprecipitation assay	27924024	Homo sapiens	GTRD	No
Q96EX2	84900	RNFT2	chromatin immunoprecipitation assay	27924024	Homo sapiens	GTRD	No
Q8N5Z5	79734	KCTD17	chromatin immunoprecipitation assay	27924024	Homo sapiens	GTRD	No
P42568	4300	MLLT3	chromatin immunoprecipitation assay	27924024	Homo sapiens	GTRD	No
Q6ZTI6	100533183,144347	RFLNA	chromatin immunoprecipitation assay	27924024	Homo sapiens	GTRD	No
O60312	57194	ATP10A	chromatin immunoprecipitation assay	27924024	Homo sapiens	GTRD	No
Q9UK17	3752	KCND3	chromatin immunoprecipitation assay	27924024	Homo sapiens	GTRD	No
Q96JY6	64236	PDLIM2	chromatin immunoprecipitation assay	27924024	Homo sapiens	GTRD	No
Q5MY95	377841	ENTPD8	chromatin immunoprecipitation assay	27924024	Homo sapiens	GTRD	No
P35228	4843	NOS2	chromatin immunoprecipitation assay	27924024	Homo sapiens	GTRD	No
P25791	4005	LMO2	chromatin immunoprecipitation assay	27924024	Homo sapiens	GTRD	No
Q9HCJ1	56172	ANKH	chromatin immunoprecipitation assay	27924024	Homo sapiens	GTRD	No
Q9H4B4	1263	PLK3	chromatin immunoprecipitation assay	27924024	Homo sapiens	GTRD	No
Q9Y5L3	954	ENTPD2	chromatin immunoprecipitation assay	27924024	Homo sapiens	GTRD	No
Q9HBJ0	10761	PLAC1	chromatin immunoprecipitation assay	27924024	Homo sapiens	GTRD	No
Q86W33	131601	TPRA1	chromatin immunoprecipitation assay	27924024	Homo sapiens	GTRD	No
P53804	7267	TTC3	chromatin immunoprecipitation assay	27924024	Homo sapiens	GTRD	No
Q9Y2I8	22884	WDR37	chromatin immunoprecipitation assay	27924024	Homo sapiens	GTRD	No
Q9BPX7	79020	C7orf25	chromatin immunoprecipitation assay	27924024	Homo sapiens	GTRD	No
Q8NHR9	375189	PFN4	chromatin immunoprecipitation assay	27924024	Homo sapiens	GTRD	No
Q8NB15	118472	ZNF511	chromatin immunoprecipitation assay	27924024	Homo sapiens	GTRD	No
Q3SY52	284307	ZIK1	chromatin immunoprecipitation assay	27924024	Homo sapiens	GTRD	No
Q9NS67	2850	GPR27	chromatin immunoprecipitation assay	27924024	Homo sapiens	GTRD	No
Q92900	5976	UPF1	chromatin immunoprecipitation assay	27924024	Homo sapiens	GTRD	No
A0A075B6K4	NA	IGLV3-10	chromatin immunoprecipitation assay	27924024	Homo sapiens	GTRD	No
P53602	4597	MVD	chromatin immunoprecipitation assay	27924024	Homo sapiens	GTRD	No
Q96IK1	91272	BOD1	chromatin immunoprecipitation assay	27924024	Homo sapiens	GTRD	No
P56278	4515	MTCP1	chromatin immunoprecipitation assay	27924024	Homo sapiens	GTRD	No
Q70E73	65059	RAPH1	chromatin immunoprecipitation assay	27924024	Homo sapiens	GTRD	No
O96001	10842	PPP1R17	chromatin immunoprecipitation assay	27924024	Homo sapiens	GTRD	No
Q8TBF8	145773	FAM81A	chromatin immunoprecipitation assay	27924024	Homo sapiens	GTRD	No
Q68DQ2	131544	CRYBG3	chromatin immunoprecipitation assay	27924024	Homo sapiens	GTRD	No
O14818	5688	PSMA7	chromatin immunoprecipitation assay	27924024	Homo sapiens	GTRD	No
O15083	26059	ERC2	chromatin immunoprecipitation assay	27924024	Homo sapiens	GTRD	No
Q6PEX7	374973	TEX38	chromatin immunoprecipitation assay	27924024	Homo sapiens	GTRD	No
Q9BQJ4	83604	TMEM47	chromatin immunoprecipitation assay	27924024	Homo sapiens	GTRD	No
P30281	896	CCND3	chromatin immunoprecipitation assay	27924024	Homo sapiens	GTRD	No
Q14940	6553	SLC9A5	chromatin immunoprecipitation assay	27924024	Homo sapiens	GTRD	No
Q9BSY9	51029	DESI2	chromatin immunoprecipitation assay	27924024	Homo sapiens	GTRD	No
P35237	5269	SERPINB6	chromatin immunoprecipitation assay	27924024	Homo sapiens	GTRD	No
Q96B67	57561	ARRDC3	chromatin immunoprecipitation assay	27924024	Homo sapiens	GTRD	No
Q9NV79	55251	PCMTD2	chromatin immunoprecipitation assay	27924024	Homo sapiens	GTRD	No
Q86XT2	155382	VPS37D	chromatin immunoprecipitation assay	27924024	Homo sapiens	GTRD	No
K7EN88	NA	-	chromatin immunoprecipitation assay	27924024	Homo sapiens	GTRD	No
Q8NF50	81704	DOCK8	chromatin immunoprecipitation assay	27924024	Homo sapiens	GTRD	No
Q15596	10499	NCOA2	chromatin immunoprecipitation assay	27924024	Homo sapiens	GTRD	No
P11137	4133	MAP2	chromatin immunoprecipitation assay	27924024	Homo sapiens	GTRD	No
Q9H7U1	54462	CCSER2	chromatin immunoprecipitation assay	27924024	Homo sapiens	GTRD	No
Q9C0B9	54877	ZCCHC2	chromatin immunoprecipitation assay	27924024	Homo sapiens	GTRD	No
Q16635	6901	TAZ	chromatin immunoprecipitation assay	27924024	Homo sapiens	GTRD	No
Q7Z4H8	143888	POGLUT3	chromatin immunoprecipitation assay	27924024	Homo sapiens	GTRD	No
P17096	3159	HMGA1	chromatin immunoprecipitation assay	27924024	Homo sapiens	GTRD	No
Q9UKA9	58155	PTBP2	chromatin immunoprecipitation assay	27924024	Homo sapiens	GTRD	No
Q9ULD2	57509	MTUS1	chromatin immunoprecipitation assay	27924024	Homo sapiens	GTRD	No
Q9H427	60598	KCNK15	chromatin immunoprecipitation assay	27924024	Homo sapiens	GTRD	No
Q02833	8045	RASSF7	chromatin immunoprecipitation assay	27924024	Homo sapiens	GTRD	No
Q6XE24	27303	RBMS3	chromatin immunoprecipitation assay	27924024	Homo sapiens	GTRD	No
P06454	5757	PTMA	chromatin immunoprecipitation assay	27924024	Homo sapiens	GTRD	No
Q07912	10188	TNK2	chromatin immunoprecipitation assay	27924024	Homo sapiens	GTRD	No
Q9UJD0	9783	RIMS3	chromatin immunoprecipitation assay	27924024	Homo sapiens	GTRD	No
Q9NRW4	56940	DUSP22	chromatin immunoprecipitation assay	27924024	Homo sapiens	GTRD	No
Q96IL0	84334	COA8	chromatin immunoprecipitation assay	27924024	Homo sapiens	GTRD	No
Q6IQ20	222236	NAPEPLD	chromatin immunoprecipitation assay	27924024	Homo sapiens	GTRD	No
Q9BRK4	84445	LZTS2	chromatin immunoprecipitation assay	27924024	Homo sapiens	GTRD	No
A8MQ27	54492	NEURL1B	chromatin immunoprecipitation assay	27924024	Homo sapiens	GTRD	No
Q8NF37	79888	LPCAT1	chromatin immunoprecipitation assay	27924024	Homo sapiens	GTRD	No
O43307	23229	ARHGEF9	chromatin immunoprecipitation assay	27924024	Homo sapiens	GTRD	No
Q96NM4	84969	TOX2	chromatin immunoprecipitation assay	27924024	Homo sapiens	GTRD	No
O14827	5924	RASGRF2	chromatin immunoprecipitation assay	27924024	Homo sapiens	GTRD	No
P25686	3300	DNAJB2	chromatin immunoprecipitation assay	27924024	Homo sapiens	GTRD	No
O14950	103910,10627	MYL12B	chromatin immunoprecipitation assay	27924024	Homo sapiens	GTRD	No
Q9NZJ7	23787	MTCH1	chromatin immunoprecipitation assay	27924024	Homo sapiens	GTRD	No
Q9NTI2	51761	ATP8A2	chromatin immunoprecipitation assay	27924024	Homo sapiens	GTRD	No
Q96MM3	132625	ZFP42	chromatin immunoprecipitation assay	27924024	Homo sapiens	GTRD	No
Q9Y5N1	11255	HRH3	chromatin immunoprecipitation assay	27924024	Homo sapiens	GTRD	No
Q9NRF8	56474	CTPS2	chromatin immunoprecipitation assay	27924024	Homo sapiens	GTRD	No
Q86VR7	147645	VSIG10L	chromatin immunoprecipitation assay	27924024	Homo sapiens	GTRD	No
O00410	3843	IPO5	chromatin immunoprecipitation assay	27924024	Homo sapiens	GTRD	No
P57739	9075	CLDN2	chromatin immunoprecipitation assay	27924024	Homo sapiens	GTRD	No
Q14624	3700	ITIH4	chromatin immunoprecipitation assay	27924024	Homo sapiens	GTRD	No
Q7Z4I7	55679	LIMS2	chromatin immunoprecipitation assay	27924024	Homo sapiens	GTRD	No
P50539	4601	MXI1	chromatin immunoprecipitation assay	27924024	Homo sapiens	GTRD	No
Q6P4Q7	26504	CNNM4	chromatin immunoprecipitation assay	27924024	Homo sapiens	GTRD	No
Q9NXJ5	54858	PGPEP1	chromatin immunoprecipitation assay	27924024	Homo sapiens	GTRD	No
P35659	7913	DEK	chromatin immunoprecipitation assay	27924024	Homo sapiens	GTRD	No
Q9C0F0	80816	ASXL3	chromatin immunoprecipitation assay	27924024	Homo sapiens	GTRD	No
Q86XD5	9715	FAM131B	chromatin immunoprecipitation assay	27924024	Homo sapiens	GTRD	No
P67936	7171	TPM4	chromatin immunoprecipitation assay	27924024	Homo sapiens	GTRD	No
Q96BI1	5002	SLC22A18	chromatin immunoprecipitation assay	27924024	Homo sapiens	GTRD	No
P32297	1136	CHRNA3	chromatin immunoprecipitation assay	27924024	Homo sapiens	GTRD	No
P35580	4628	MYH10	chromatin immunoprecipitation assay	27924024	Homo sapiens	GTRD	No
Q7Z7J9	55450	CAMK2N1	chromatin immunoprecipitation assay	27924024	Homo sapiens	GTRD	No
P49795	10287	RGS19	chromatin immunoprecipitation assay	27924024	Homo sapiens	GTRD	No
O60216	5885	RAD21	chromatin immunoprecipitation assay	27924024	Homo sapiens	GTRD	No
P47775	2835	GPR12	chromatin immunoprecipitation assay	27924024	Homo sapiens	GTRD	No
Q9H972	60686	C14orf93	chromatin immunoprecipitation assay	27924024	Homo sapiens	GTRD	No
Q4ADV7	57589	RIC1	chromatin immunoprecipitation assay	27924024	Homo sapiens	GTRD	No
P37275	6935	ZEB1	chromatin immunoprecipitation assay	27924024	Homo sapiens	GTRD	No
Q9UPU7	23102	TBC1D2B	chromatin immunoprecipitation assay	27924024	Homo sapiens	GTRD	No
P21554	1268	CNR1	chromatin immunoprecipitation assay	27924024	Homo sapiens	GTRD	No
Q9ULC8	29801	ZDHHC8	chromatin immunoprecipitation assay	27924024	Homo sapiens	GTRD	No
Q1XH10	387640	SKIDA1	chromatin immunoprecipitation assay	27924024	Homo sapiens	GTRD	No
O95292	9217	VAPB	chromatin immunoprecipitation assay	27924024	Homo sapiens	GTRD	No
Q96A84	129080	EMID1	chromatin immunoprecipitation assay	27924024	Homo sapiens	GTRD	No
P50548	2077	ERF	chromatin immunoprecipitation assay	27924024	Homo sapiens	GTRD	No
Q969T4	10477	UBE2E3	chromatin immunoprecipitation assay	27924024	Homo sapiens	GTRD	No
Q9HBY8	10110	SGK2	chromatin immunoprecipitation assay	27924024	Homo sapiens	GTRD	No
Q6ZMZ0	127544	RNF19B	chromatin immunoprecipitation assay	27924024	Homo sapiens	GTRD	No
Q8NA19	91133	L3MBTL4	chromatin immunoprecipitation assay	27924024	Homo sapiens	GTRD	No
O60427	3992	FADS1	chromatin immunoprecipitation assay	27924024	Homo sapiens	GTRD	No
A0A1B0GVG4	NA	CCDC194	chromatin immunoprecipitation assay	27924024	Homo sapiens	GTRD	No
Q8NHU6	23424	TDRD7	chromatin immunoprecipitation assay	27924024	Homo sapiens	GTRD	No
P0DP23	801,805,808	CALM1	chromatin immunoprecipitation assay	27924024	Homo sapiens	GTRD	No
P50570	1785	DNM2	chromatin immunoprecipitation assay	27924024	Homo sapiens	GTRD	No
O96006	9189	ZBED1	chromatin immunoprecipitation assay	27924024	Homo sapiens	GTRD	No
B1AK53	83715	ESPN	chromatin immunoprecipitation assay	27924024	Homo sapiens	GTRD	No
P25067	1296	COL8A2	chromatin immunoprecipitation assay	27924024	Homo sapiens	GTRD	No
Q9H6F2	79041	TMEM38A	chromatin immunoprecipitation assay	27924024	Homo sapiens	GTRD	No
Q5VWJ9	401548	SNX30	chromatin immunoprecipitation assay	27924024	Homo sapiens	GTRD	No
Q6ZSJ9	388336	SHISA6	chromatin immunoprecipitation assay	27924024	Homo sapiens	GTRD	No
Q9NQ92	55352	COPRS	chromatin immunoprecipitation assay	27924024	Homo sapiens	GTRD	No
P85299	55615	PRR5	chromatin immunoprecipitation assay	27924024	Homo sapiens	GTRD	No
Q8N6M6	84909	AOPEP	chromatin immunoprecipitation assay	27924024	Homo sapiens	GTRD	No
Q16763	27338	UBE2S	chromatin immunoprecipitation assay	27924024	Homo sapiens	GTRD	No
Q9NP91	54716	SLC6A20	chromatin immunoprecipitation assay	27924024	Homo sapiens	GTRD	No
A6NIN4	NA	RNF227	chromatin immunoprecipitation assay	27924024	Homo sapiens	GTRD	No
Q96EK2	112885	PHF21B	chromatin immunoprecipitation assay	27924024	Homo sapiens	GTRD	No
Q9UQ90	6687	SPG7	chromatin immunoprecipitation assay	27924024	Homo sapiens	GTRD	No
A8MVX0	100271715	ARHGEF33	chromatin immunoprecipitation assay	27924024	Homo sapiens	GTRD	No
Q14642	3632	INPP5A	chromatin immunoprecipitation assay	27924024	Homo sapiens	GTRD	No
O43861	374868	ATP9B	chromatin immunoprecipitation assay	27924024	Homo sapiens	GTRD	No
Q96Q05	83696	TRAPPC9	chromatin immunoprecipitation assay	27924024	Homo sapiens	GTRD	No
O43760	9144	SYNGR2	chromatin immunoprecipitation assay	27924024	Homo sapiens	GTRD	No
Q8IYR2	114826	SMYD4	chromatin immunoprecipitation assay	27924024	Homo sapiens	GTRD	No
Q92813	1734	DIO2	chromatin immunoprecipitation assay	27924024	Homo sapiens	GTRD	No
Q8NHV5	730094	MOSMO	chromatin immunoprecipitation assay	27924024	Homo sapiens	GTRD	No
O15198	4093	SMAD9	chromatin immunoprecipitation assay	27924024	Homo sapiens	GTRD	No
Q13177	5062	PAK2	chromatin immunoprecipitation assay	27924024	Homo sapiens	GTRD	No
Q8N9N8	84285	EIF1AD	chromatin immunoprecipitation assay	27924024	Homo sapiens	GTRD	No
O96015	10126	DNAL4	chromatin immunoprecipitation assay	27924024	Homo sapiens	GTRD	No
P09417	5860	QDPR	chromatin immunoprecipitation assay	27924024	Homo sapiens	GTRD	No
Q5VTY9	55733	HHAT	chromatin immunoprecipitation assay	27924024	Homo sapiens	GTRD	No
Q16236	4780	NFE2L2	chromatin immunoprecipitation assay	27924024	Homo sapiens	GTRD	No
P35475	3425	IDUA	chromatin immunoprecipitation assay	27924024	Homo sapiens	GTRD	No
O43435	6899	TBX1	chromatin immunoprecipitation assay	27924024	Homo sapiens	GTRD	No
P22914	1427	CRYGS	chromatin immunoprecipitation assay	27924024	Homo sapiens	GTRD	No
O60234	9535	GMFG	chromatin immunoprecipitation assay	27924024	Homo sapiens	GTRD	No
Q8IWR0	29066	ZC3H7A	chromatin immunoprecipitation assay	27924024	Homo sapiens	GTRD	No
Q92611	9695	EDEM1	chromatin immunoprecipitation assay	27924024	Homo sapiens	GTRD	No
Q504T8	90007	MIDN	chromatin immunoprecipitation assay	27924024	Homo sapiens	GTRD	No
Q96T17	256714	MAP7D2	chromatin immunoprecipitation assay	27924024	Homo sapiens	GTRD	No
P49589	833	CARS1	chromatin immunoprecipitation assay	27924024	Homo sapiens	GTRD	No
Q9NSI6	54014	BRWD1	chromatin immunoprecipitation assay	27924024	Homo sapiens	GTRD	No
P11274	613	BCR	chromatin immunoprecipitation assay	27924024	Homo sapiens	GTRD	No
Q8IV20	144811	LACC1	chromatin immunoprecipitation assay	27924024	Homo sapiens	GTRD	No
Q9NZM4	29998	BICRA	chromatin immunoprecipitation assay	27924024	Homo sapiens	GTRD	No
A8MWY0	222223	ELAPOR2	chromatin immunoprecipitation assay	27924024	Homo sapiens	GTRD	No
Q96S16	339123	JMJD8	chromatin immunoprecipitation assay	27924024	Homo sapiens	GTRD	No
Q8TC99	54752	FNDC8	chromatin immunoprecipitation assay	27924024	Homo sapiens	GTRD	No
Q6UWQ5	84569	LYZL1	chromatin immunoprecipitation assay	27924024	Homo sapiens	GTRD	No
Q9UPW5	23287	AGTPBP1	chromatin immunoprecipitation assay	27924024	Homo sapiens	GTRD	No
Q8NHH1	158135	TTLL11	chromatin immunoprecipitation assay	27924024	Homo sapiens	GTRD	No
Q9ULE6	27143	PALD1	chromatin immunoprecipitation assay	27924024	Homo sapiens	GTRD	No
Q6ZMY6	126248	WDR88	chromatin immunoprecipitation assay	27924024	Homo sapiens	GTRD	No
P48507	2730	GCLM	chromatin immunoprecipitation assay	27924024	Homo sapiens	GTRD	No
Q8IYP9	254887	ZDHHC23	chromatin immunoprecipitation assay	27924024	Homo sapiens	GTRD	No
A5YM72	57571	CARNS1	chromatin immunoprecipitation assay	27924024	Homo sapiens	GTRD	No
Q6KCM7	114789	SLC25A25	chromatin immunoprecipitation assay	27924024	Homo sapiens	GTRD	No
Q8NEE6	222235	FBXL13	chromatin immunoprecipitation assay	27924024	Homo sapiens	GTRD	No
Q8IYS1	135293	PM20D2	chromatin immunoprecipitation assay	27924024	Homo sapiens	GTRD	No
Q3YEC7	55684	RABL6	chromatin immunoprecipitation assay	27924024	Homo sapiens	GTRD	No
O96024	8705	B3GALT4	chromatin immunoprecipitation assay	27924024	Homo sapiens	GTRD	No
Q9NUJ7	55344	PLCXD1	chromatin immunoprecipitation assay	27924024	Homo sapiens	GTRD	No
Q9NQ88	57103	TIGAR	chromatin immunoprecipitation assay	27924024	Homo sapiens	GTRD	No
Q8IXS0	222826	FAM217A	chromatin immunoprecipitation assay	27924024	Homo sapiens	GTRD	No
Q13085	31	ACACA	chromatin immunoprecipitation assay	27924024	Homo sapiens	GTRD	No
Q6P0Q8	23139	MAST2	chromatin immunoprecipitation assay	27924024	Homo sapiens	GTRD	No
O14964	9146	HGS	chromatin immunoprecipitation assay	27924024	Homo sapiens	GTRD	No
Q9BVA0	10300	KATNB1	chromatin immunoprecipitation assay	27924024	Homo sapiens	GTRD	No
P07305	3005	H1-0	chromatin immunoprecipitation assay	27924024	Homo sapiens	GTRD	No
P0DMQ5	100505573	INAFM2	chromatin immunoprecipitation assay	27924024	Homo sapiens	GTRD	No
Q9HCM3	57670	KIAA1549	chromatin immunoprecipitation assay	27924024	Homo sapiens	GTRD	No
P12524	4610	MYCL	chromatin immunoprecipitation assay	27924024	Homo sapiens	GTRD	No
O60243	9394	HS6ST1	chromatin immunoprecipitation assay	27924024	Homo sapiens	GTRD	No
Q14739	3930	LBR	chromatin immunoprecipitation assay	27924024	Homo sapiens	GTRD	No
P55957	637	BID	chromatin immunoprecipitation assay	27924024	Homo sapiens	GTRD	No
Q96N11	79034	C7orf26	chromatin immunoprecipitation assay	27924024	Homo sapiens	GTRD	No
O14863	7782	SLC30A4	chromatin immunoprecipitation assay	27924024	Homo sapiens	GTRD	No
Q9H160	3622	ING2	chromatin immunoprecipitation assay	27924024	Homo sapiens	GTRD	No
P98160	3339	HSPG2	chromatin immunoprecipitation assay	27924024	Homo sapiens	GTRD	No
O95196	10675	CSPG5	chromatin immunoprecipitation assay	27924024	Homo sapiens	GTRD	No
Q9P2M4	57533	TBC1D14	chromatin immunoprecipitation assay	27924024	Homo sapiens	GTRD	No
Q9ULF5	57181	SLC39A10	chromatin immunoprecipitation assay	27924024	Homo sapiens	GTRD	No
P62256	7328	UBE2H	chromatin immunoprecipitation assay	27924024	Homo sapiens	GTRD	No
Q8WUM9	6574	SLC20A1	chromatin immunoprecipitation assay	27924024	Homo sapiens	GTRD	No
P57775	6468	FBXW4	chromatin immunoprecipitation assay	27924024	Homo sapiens	GTRD	No
Q9Y6A2	10858	CYP46A1	chromatin immunoprecipitation assay	27924024	Homo sapiens	GTRD	No
O94953	23030	KDM4B	chromatin immunoprecipitation assay	27924024	Homo sapiens	GTRD	No
Q2NL67	56965	PARP6	chromatin immunoprecipitation assay	27924024	Homo sapiens	GTRD	No
Q92932	5799	PTPRN2	chromatin immunoprecipitation assay	27924024	Homo sapiens	GTRD	No
P35080	5217	PFN2	chromatin immunoprecipitation assay	27924024	Homo sapiens	GTRD	No
P31040	6389	SDHA	chromatin immunoprecipitation assay	27924024	Homo sapiens	GTRD	No
Q9BXB1	55366	LGR4	chromatin immunoprecipitation assay	27924024	Homo sapiens	GTRD	No
Q9P0M2	9465	AKAP7	chromatin immunoprecipitation assay	27924024	Homo sapiens	GTRD	No
Q9H0E2	54472	TOLLIP	chromatin immunoprecipitation assay	27924024	Homo sapiens	GTRD	No
Q9UPG8	5326	PLAGL2	chromatin immunoprecipitation assay	27924024	Homo sapiens	GTRD	No
O76074	8654	PDE5A	chromatin immunoprecipitation assay	27924024	Homo sapiens	GTRD	No
Q9UBB4	25814	ATXN10	chromatin immunoprecipitation assay	27924024	Homo sapiens	GTRD	No
P51513	4857	NOVA1	chromatin immunoprecipitation assay	27924024	Homo sapiens	GTRD	No
O60353	8323	FZD6	chromatin immunoprecipitation assay	27924024	Homo sapiens	GTRD	No
Q4G0W2	285193	DUSP28	chromatin immunoprecipitation assay	27924024	Homo sapiens	GTRD	No
Q12829	10966	RAB40B	chromatin immunoprecipitation assay	27924024	Homo sapiens	GTRD	No
Q19AV6	125150	ZSWIM7	chromatin immunoprecipitation assay	27924024	Homo sapiens	GTRD	No
Q9Y6P5	27244	SESN1	chromatin immunoprecipitation assay	27924024	Homo sapiens	GTRD	No
Q9Y606	80324	PUS1	chromatin immunoprecipitation assay	27924024	Homo sapiens	GTRD	No
Q9NTK5	29789	OLA1	chromatin immunoprecipitation assay	27924024	Homo sapiens	GTRD	No
Q96QA6	388403	YPEL2	chromatin immunoprecipitation assay	27924024	Homo sapiens	GTRD	No
Q9UHF1	51162	EGFL7	chromatin immunoprecipitation assay	27924024	Homo sapiens	GTRD	No
A2RUS2	22898	DENND3	chromatin immunoprecipitation assay	27924024	Homo sapiens	GTRD	No
Q96EK7	84498	FAM120B	chromatin immunoprecipitation assay	27924024	Homo sapiens	GTRD	No
Q15910	2146	EZH2	chromatin immunoprecipitation assay	27924024	Homo sapiens	GTRD	No
O43251	23543	RBFOX2	chromatin immunoprecipitation assay	27924024	Homo sapiens	GTRD	No
P51825	4299	AFF1	chromatin immunoprecipitation assay	27924024	Homo sapiens	GTRD	No
Q05BV3	161436	EML5	chromatin immunoprecipitation assay	27924024	Homo sapiens	GTRD	No
Q16566	814	CAMK4	chromatin immunoprecipitation assay	27924024	Homo sapiens	GTRD	No
P31150	2664	GDI1	chromatin immunoprecipitation assay	27924024	Homo sapiens	GTRD	No
O43150	8853	ASAP2	chromatin immunoprecipitation assay	27924024	Homo sapiens	GTRD	No
P16885	5336	PLCG2	chromatin immunoprecipitation assay	27924024	Homo sapiens	GTRD	No
Q8WVQ1	124583	CANT1	chromatin immunoprecipitation assay	27924024	Homo sapiens	GTRD	No
A0A0J9YYD9	NA	-	chromatin immunoprecipitation assay	27924024	Homo sapiens	GTRD	No
Q7Z2K8	114787	GPRIN1	chromatin immunoprecipitation assay	27924024	Homo sapiens	GTRD	No
Q96QS1	10077	TSPAN32	chromatin immunoprecipitation assay	27924024	Homo sapiens	GTRD	No
Q9Y5B0	9150	CTDP1	chromatin immunoprecipitation assay	27924024	Homo sapiens	GTRD	No
Q8IY50	148641	SLC35F3	chromatin immunoprecipitation assay	27924024	Homo sapiens	GTRD	No
Q14344	10672	GNA13	chromatin immunoprecipitation assay	27924024	Homo sapiens	GTRD	No
Q8NHY2	64326	COP1	chromatin immunoprecipitation assay	27924024	Homo sapiens	GTRD	No
A2A2Y4	257019	FRMD3	chromatin immunoprecipitation assay	27924024	Homo sapiens	GTRD	No
Q9UHD8	10801	SEPTIN9	chromatin immunoprecipitation assay	27924024	Homo sapiens	GTRD	No
Q9UBC3	1789	DNMT3B	chromatin immunoprecipitation assay	27924024	Homo sapiens	GTRD	No
Q92616	10985	GCN1	chromatin immunoprecipitation assay	27924024	Homo sapiens	GTRD	No
Q5JVS0	22927	HABP4	chromatin immunoprecipitation assay	27924024	Homo sapiens	GTRD	No
P12643	650	BMP2	chromatin immunoprecipitation assay	27924024	Homo sapiens	GTRD	No
Q6ZTN6	338692	ANKRD13D	chromatin immunoprecipitation assay	27924024	Homo sapiens	GTRD	No
O94760	23576	DDAH1	chromatin immunoprecipitation assay	27924024	Homo sapiens	GTRD	No
Q9NQZ5	56910	STARD7	chromatin immunoprecipitation assay	27924024	Homo sapiens	GTRD	No
P11279	3916	LAMP1	chromatin immunoprecipitation assay	27924024	Homo sapiens	GTRD	No
Q14019	23406	COTL1	chromatin immunoprecipitation assay	27924024	Homo sapiens	GTRD	No
P00738	3240	HP	chromatin immunoprecipitation assay	27924024	Homo sapiens	GTRD	No
Q9Y5Q3	9935	MAFB	chromatin immunoprecipitation assay	27924024	Homo sapiens	GTRD	No
Q02338	622	BDH1	chromatin immunoprecipitation assay	27924024	Homo sapiens	GTRD	No
Q16676	2297	FOXD1	chromatin immunoprecipitation assay	27924024	Homo sapiens	GTRD	No
O14657	27348	TOR1B	chromatin immunoprecipitation assay	27924024	Homo sapiens	GTRD	No
Q14656	8269	TMEM187	chromatin immunoprecipitation assay	27924024	Homo sapiens	GTRD	No
P28676	25801	GCA	chromatin immunoprecipitation assay	27924024	Homo sapiens	GTRD	No
P31260	3206	HOXA10	chromatin immunoprecipitation assay	27924024	Homo sapiens	GTRD	No
Q6UWT2	375704	ENHO	chromatin immunoprecipitation assay	27924024	Homo sapiens	GTRD	No
A6NMD0	402778	IFITM10	chromatin immunoprecipitation assay	27924024	Homo sapiens	GTRD	No
Q5EBM0	129607	CMPK2	chromatin immunoprecipitation assay	27924024	Homo sapiens	GTRD	No
Q9UN79	9580	SOX13	chromatin immunoprecipitation assay	27924024	Homo sapiens	GTRD	No
Q96RT1	55914	ERBIN	chromatin immunoprecipitation assay	27924024	Homo sapiens	GTRD	No
P43354	4929	NR4A2	chromatin immunoprecipitation assay	27924024	Homo sapiens	GTRD	No
O75928	9063	PIAS2	chromatin immunoprecipitation assay	27924024	Homo sapiens	GTRD	No
Q9UGV2	57446	NDRG3	chromatin immunoprecipitation assay	27924024	Homo sapiens	GTRD	No
P18075	655	BMP7	chromatin immunoprecipitation assay	27924024	Homo sapiens	GTRD	No
Q9Y2Q0	10396	ATP8A1	chromatin immunoprecipitation assay	27924024	Homo sapiens	GTRD	No
A8MYZ6	NA	FOXO6	chromatin immunoprecipitation assay	27924024	Homo sapiens	GTRD	No
Q12948	2296	FOXC1	chromatin immunoprecipitation assay	27924024	Homo sapiens	GTRD	No
P20908	1289	COL5A1	chromatin immunoprecipitation assay	27924024	Homo sapiens	GTRD	No
P23193	6917	TCEA1	chromatin immunoprecipitation assay	27924024	Homo sapiens	GTRD	No
P51531	6595	SMARCA2	chromatin immunoprecipitation assay	27924024	Homo sapiens	GTRD	No
Q8N1N5	NA	CRIPAK	chromatin immunoprecipitation assay	27924024	Homo sapiens	GTRD	No
Q9H5H4	79724	ZNF768	chromatin immunoprecipitation assay	27924024	Homo sapiens	GTRD	No
Q96N16	152789	JAKMIP1	chromatin immunoprecipitation assay	27924024	Homo sapiens	GTRD	No
P55347	5316	PKNOX1	chromatin immunoprecipitation assay	27924024	Homo sapiens	GTRD	No
Q9H165	53335	BCL11A	chromatin immunoprecipitation assay	27924024	Homo sapiens	GTRD	No
Q9UK76	51155	JPT1	chromatin immunoprecipitation assay	27924024	Homo sapiens	GTRD	No
Q8N8R3	123096	SLC25A29	chromatin immunoprecipitation assay	27924024	Homo sapiens	GTRD	No
P20807	825	CAPN3	chromatin immunoprecipitation assay	27924024	Homo sapiens	GTRD	No
Q6PJ21	90864	SPSB3	chromatin immunoprecipitation assay	27924024	Homo sapiens	GTRD	No
O60885	23476	BRD4	chromatin immunoprecipitation assay	27924024	Homo sapiens	GTRD	No
Q8TBN0	5866	RAB3IL1	chromatin immunoprecipitation assay	27924024	Homo sapiens	GTRD	No
A0A075B6R2	NA	IGHV4-4	chromatin immunoprecipitation assay	27924024	Homo sapiens	GTRD	No
Q8ND76	219771	CCNY	chromatin immunoprecipitation assay	27924024	Homo sapiens	GTRD	No
Q96PC3	130340	AP1S3	chromatin immunoprecipitation assay	27924024	Homo sapiens	GTRD	No
O00451	2675	GFRA2	chromatin immunoprecipitation assay	27924024	Homo sapiens	GTRD	No
P31146	11151	CORO1A	chromatin immunoprecipitation assay	27924024	Homo sapiens	GTRD	No
Q14050	1299	COL9A3	chromatin immunoprecipitation assay	27924024	Homo sapiens	GTRD	No
Q8N6R1	387923	SERP2	chromatin immunoprecipitation assay	27924024	Homo sapiens	GTRD	No
Q8WVP7	64327	LMBR1	chromatin immunoprecipitation assay	27924024	Homo sapiens	GTRD	No
P11086	5409	PNMT	chromatin immunoprecipitation assay	27924024	Homo sapiens	GTRD	No
Q9P202	25861	WHRN	chromatin immunoprecipitation assay	27924024	Homo sapiens	GTRD	No
Q9P2P1	57523	NYNRIN	chromatin immunoprecipitation assay	27924024	Homo sapiens	GTRD	No
Q9NRM1	10117	ENAM	chromatin immunoprecipitation assay	27924024	Homo sapiens	GTRD	No
Q9ULI2	57494	RIMKLB	chromatin immunoprecipitation assay	27924024	Homo sapiens	GTRD	No
O60683	5192	PEX10	chromatin immunoprecipitation assay	27924024	Homo sapiens	GTRD	No
Q6P582	653784	MZT2A	chromatin immunoprecipitation assay	27924024	Homo sapiens	GTRD	No
Q9H477	64080	RBKS	chromatin immunoprecipitation assay	27924024	Homo sapiens	GTRD	No
Q9C0J1	79369	B3GNT4	chromatin immunoprecipitation assay	27924024	Homo sapiens	GTRD	No
Q9UH73	1879	EBF1	chromatin immunoprecipitation assay	27924024	Homo sapiens	GTRD	No
A6NKB5	80003	PCNX2	chromatin immunoprecipitation assay	27924024	Homo sapiens	GTRD	No
Q8NFI3	64772	ENGASE	chromatin immunoprecipitation assay	27924024	Homo sapiens	GTRD	No
Q9H0E7	84101	USP44	chromatin immunoprecipitation assay	27924024	Homo sapiens	GTRD	No
Q400G9	155185	AMZ1	chromatin immunoprecipitation assay	27924024	Homo sapiens	GTRD	No
O43559	10817	FRS3	chromatin immunoprecipitation assay	27924024	Homo sapiens	GTRD	No
Q86U90	79693	YRDC	chromatin immunoprecipitation assay	27924024	Homo sapiens	GTRD	No
Q9Y4A5	8295	TRRAP	chromatin immunoprecipitation assay	27924024	Homo sapiens	GTRD	No
Q13099	8100	IFT88	chromatin immunoprecipitation assay	27924024	Homo sapiens	GTRD	No
O15503	3638	INSIG1	chromatin immunoprecipitation assay	27924024	Homo sapiens	GTRD	No
Q9H8X9	79844	ZDHHC11	chromatin immunoprecipitation assay	27924024	Homo sapiens	GTRD	No
Q8WYQ9	23174	ZCCHC14	chromatin immunoprecipitation assay	27924024	Homo sapiens	GTRD	No
Q8IWT3	23113	CUL9	chromatin immunoprecipitation assay	27924024	Homo sapiens	GTRD	No
Q2VPB7	91056	AP5B1	chromatin immunoprecipitation assay	27924024	Homo sapiens	GTRD	No
Q9UDT6	7461	CLIP2	chromatin immunoprecipitation assay	27924024	Homo sapiens	GTRD	No
P19022	1000	CDH2	chromatin immunoprecipitation assay	27924024	Homo sapiens	GTRD	No
Q8WVB3	284004	HEXD	chromatin immunoprecipitation assay	27924024	Homo sapiens	GTRD	No
Q99733	4676	NAP1L4	chromatin immunoprecipitation assay	27924024	Homo sapiens	GTRD	No
Q8NE86	90550	MCU	chromatin immunoprecipitation assay	27924024	Homo sapiens	GTRD	No
Q9Y4P8	26100	WIPI2	chromatin immunoprecipitation assay	27924024	Homo sapiens	GTRD	No
Q86SE9	84333	PCGF5	chromatin immunoprecipitation assay	27924024	Homo sapiens	GTRD	No
O60894	10267	RAMP1	chromatin immunoprecipitation assay	27924024	Homo sapiens	GTRD	No
A4D1P6	29062	WDR91	chromatin immunoprecipitation assay	27924024	Homo sapiens	GTRD	No
Q14160	23513	SCRIB	chromatin immunoprecipitation assay	27924024	Homo sapiens	GTRD	No
P22735	7051	TGM1	chromatin immunoprecipitation assay	27924024	Homo sapiens	GTRD	No
P46734	5606	MAP2K3	chromatin immunoprecipitation assay	27924024	Homo sapiens	GTRD	No
Q96PD2	131566	DCBLD2	chromatin immunoprecipitation assay	27924024	Homo sapiens	GTRD	No
P57789	54207	KCNK10	chromatin immunoprecipitation assay	27924024	Homo sapiens	GTRD	No
Q96NA8	203062	TSNARE1	chromatin immunoprecipitation assay	27924024	Homo sapiens	GTRD	No
A6NLC5	285382	C3orf70	chromatin immunoprecipitation assay	27924024	Homo sapiens	GTRD	No
Q8IXF0	64067	NPAS3	chromatin immunoprecipitation assay	27924024	Homo sapiens	GTRD	No
P12235	291	SLC25A4	chromatin immunoprecipitation assay	27924024	Homo sapiens	GTRD	No
K7EIL6	NA	-	chromatin immunoprecipitation assay	27924024	Homo sapiens	GTRD	No
Q969X5	57222	ERGIC1	chromatin immunoprecipitation assay	27924024	Homo sapiens	GTRD	No
Q86UW6	55728	N4BP2	chromatin immunoprecipitation assay	27924024	Homo sapiens	GTRD	No
Q8NI99	83854	ANGPTL6	chromatin immunoprecipitation assay	27924024	Homo sapiens	GTRD	No
Q49A26	84656	GLYR1	chromatin immunoprecipitation assay	27924024	Homo sapiens	GTRD	No
P57073	30812	SOX8	chromatin immunoprecipitation assay	27924024	Homo sapiens	GTRD	No
P80108	2822	GPLD1	chromatin immunoprecipitation assay	27924024	Homo sapiens	GTRD	No
A0A1B0GUK7	NA	IQANK1	chromatin immunoprecipitation assay	27924024	Homo sapiens	GTRD	No
Q9C0K0	64919	BCL11B	chromatin immunoprecipitation assay	27924024	Homo sapiens	GTRD	No
Q9UHX1	22827	PUF60	chromatin immunoprecipitation assay	27924024	Homo sapiens	GTRD	No
Q9Y330	221527	ZBTB12	chromatin immunoprecipitation assay	27924024	Homo sapiens	GTRD	No
P48552	8204	NRIP1	chromatin immunoprecipitation assay	27924024	Homo sapiens	GTRD	No
Q9H0F6	81858	SHARPIN	chromatin immunoprecipitation assay	27924024	Homo sapiens	GTRD	No
P10114	5911	RAP2A	chromatin immunoprecipitation assay	27924024	Homo sapiens	GTRD	No
P62068	64854	USP46	chromatin immunoprecipitation assay	27924024	Homo sapiens	GTRD	No
Q6ZP01	375316	RBM44	chromatin immunoprecipitation assay	27924024	Homo sapiens	GTRD	No
Q5XG99	145748	LYSMD4	chromatin immunoprecipitation assay	27924024	Homo sapiens	GTRD	No
P36871	5236	PGM1	chromatin immunoprecipitation assay	27924024	Homo sapiens	GTRD	No
Q6PK18	79701	OGFOD3	chromatin immunoprecipitation assay	27924024	Homo sapiens	GTRD	No
O95905	11319	ECD	chromatin immunoprecipitation assay	27924024	Homo sapiens	GTRD	No
Q8NA82	162333	MARCHF10	chromatin immunoprecipitation assay	27924024	Homo sapiens	GTRD	No
Q8IZD9	1795	DOCK3	chromatin immunoprecipitation assay	27924024	Homo sapiens	GTRD	No
Q8N205	163183	SYNE4	chromatin immunoprecipitation assay	27924024	Homo sapiens	GTRD	No
Q96KA5	81037	CLPTM1L	chromatin immunoprecipitation assay	27924024	Homo sapiens	GTRD	No
O00548	28514	DLL1	chromatin immunoprecipitation assay	27924024	Homo sapiens	GTRD	No
A6NEQ2	220382	FAM181B	chromatin immunoprecipitation assay	27924024	Homo sapiens	GTRD	No
P09471	2775	GNAO1	chromatin immunoprecipitation assay	27924024	Homo sapiens	GTRD	No
Q9HD20	57130	ATP13A1	chromatin immunoprecipitation assay	27924024	Homo sapiens	GTRD	No
Q9Y519	25829	TMEM184B	chromatin immunoprecipitation assay	27924024	Homo sapiens	GTRD	No
Q9BYU1	80714	PBX4	chromatin immunoprecipitation assay	27924024	Homo sapiens	GTRD	No
P28290	6744	ITPRID2	chromatin immunoprecipitation assay	27924024	Homo sapiens	GTRD	No
A6NCN8	NA	TEX52	chromatin immunoprecipitation assay	27924024	Homo sapiens	GTRD	No
Q99742	4861	NPAS1	chromatin immunoprecipitation assay	27924024	Homo sapiens	GTRD	No
Q92542	23385	NCSTN	chromatin immunoprecipitation assay	27924024	Homo sapiens	GTRD	No
Q6P2E9	23644	EDC4	chromatin immunoprecipitation assay	27924024	Homo sapiens	GTRD	No
O00570	6656	SOX1	chromatin immunoprecipitation assay	27924024	Homo sapiens	GTRD	No
P49903	22929	SEPHS1	chromatin immunoprecipitation assay	27924024	Homo sapiens	GTRD	No
P05106	3690	ITGB3	chromatin immunoprecipitation assay	27924024	Homo sapiens	GTRD	No
Q6IWH7	50636	ANO7	chromatin immunoprecipitation assay	27924024	Homo sapiens	GTRD	No
P36959	2766	GMPR	chromatin immunoprecipitation assay	27924024	Homo sapiens	GTRD	No
Q86V87	64760	FAM160B2	chromatin immunoprecipitation assay	27924024	Homo sapiens	GTRD	No
Q6DJT9	5324	PLAG1	chromatin immunoprecipitation assay	27924024	Homo sapiens	GTRD	No
Q96PE1	25960	ADGRA2	chromatin immunoprecipitation assay	27924024	Homo sapiens	GTRD	No
Q9UBU3	51738	GHRL	chromatin immunoprecipitation assay	27924024	Homo sapiens	GTRD	No
Q6PKC3	51061	TXNDC11	chromatin immunoprecipitation assay	27924024	Homo sapiens	GTRD	No
Q08AD1	23271	CAMSAP2	chromatin immunoprecipitation assay	27924024	Homo sapiens	GTRD	No
Q96RT6	64693	CTAGE1	chromatin immunoprecipitation assay	27924024	Homo sapiens	GTRD	No
Q93097	7482	WNT2B	chromatin immunoprecipitation assay	27924024	Homo sapiens	GTRD	No
Q9BUR5	79135	APOO	chromatin immunoprecipitation assay	27924024	Homo sapiens	GTRD	No
B4DSR2	NA	-	chromatin immunoprecipitation assay	27924024	Homo sapiens	GTRD	No
Q9Y216	9108	MTMR7	chromatin immunoprecipitation assay	27924024	Homo sapiens	GTRD	No
Q9Y2Q5	28956	LAMTOR2	chromatin immunoprecipitation assay	27924024	Homo sapiens	GTRD	No
Q15722	1241	LTB4R	chromatin immunoprecipitation assay	27924024	Homo sapiens	GTRD	No
Q9ULK0	2894	GRID1	chromatin immunoprecipitation assay	27924024	Homo sapiens	GTRD	No
P84157	439921	MXRA7	chromatin immunoprecipitation assay	27924024	Homo sapiens	GTRD	No
Q96KS0	112398	EGLN2	chromatin immunoprecipitation assay	27924024	Homo sapiens	GTRD	No
Q5TH69	57221	ARFGEF3	chromatin immunoprecipitation assay	27924024	Homo sapiens	GTRD	No
Q14582	10608	MXD4	chromatin immunoprecipitation assay	27924024	Homo sapiens	GTRD	No
Q9BT25	93323	HAUS8	chromatin immunoprecipitation assay	27924024	Homo sapiens	GTRD	No
Q63HM1	125061	AFMID	chromatin immunoprecipitation assay	27924024	Homo sapiens	GTRD	No
O75340	10016	PDCD6	chromatin immunoprecipitation assay	27924024	Homo sapiens	GTRD	No
Q8TEQ0	92017	SNX29	chromatin immunoprecipitation assay	27924024	Homo sapiens	GTRD	No
Q86SX3	283643	TEDC1	chromatin immunoprecipitation assay	27924024	Homo sapiens	GTRD	No
Q14257	5955	RCN2	chromatin immunoprecipitation assay	27924024	Homo sapiens	GTRD	No
O75116	9475	ROCK2	chromatin immunoprecipitation assay	27924024	Homo sapiens	GTRD	No
Q14995	9975	NR1D2	chromatin immunoprecipitation assay	27924024	Homo sapiens	GTRD	No
Q8TD10	145282	MIPOL1	chromatin immunoprecipitation assay	27924024	Homo sapiens	GTRD	No
Q8NFZ4	57555	NLGN2	chromatin immunoprecipitation assay	27924024	Homo sapiens	GTRD	No
Q9NU02	63926	ANKEF1	chromatin immunoprecipitation assay	27924024	Homo sapiens	GTRD	No
Q5ZPR3	80381	CD276	chromatin immunoprecipitation assay	27924024	Homo sapiens	GTRD	No
P17020	7564	ZNF16	chromatin immunoprecipitation assay	27924024	Homo sapiens	GTRD	No
Q9Y651	11166	SOX21	chromatin immunoprecipitation assay	27924024	Homo sapiens	GTRD	No
O75529	27097	TAF5L	chromatin immunoprecipitation assay	27924024	Homo sapiens	GTRD	No
Q14055	1298	COL9A2	chromatin immunoprecipitation assay	27924024	Homo sapiens	GTRD	No
O43889	10488	CREB3	chromatin immunoprecipitation assay	27924024	Homo sapiens	GTRD	No
P02794	2495	FTH1	chromatin immunoprecipitation assay	27924024	Homo sapiens	GTRD	No
Q96MT1	153830	RNF145	chromatin immunoprecipitation assay	27924024	Homo sapiens	GTRD	No
Q9H091	84225	ZMYND15	chromatin immunoprecipitation assay	27924024	Homo sapiens	GTRD	No
Q99650	9180	OSMR	chromatin immunoprecipitation assay	27924024	Homo sapiens	GTRD	No
Q9BV36	79083	MLPH	chromatin immunoprecipitation assay	27924024	Homo sapiens	GTRD	No
O60688	29799	YPEL1	chromatin immunoprecipitation assay	27924024	Homo sapiens	GTRD	No
Q6P587	81889	FAHD1	chromatin immunoprecipitation assay	27924024	Homo sapiens	GTRD	No
Q9UFH2	8632	DNAH17	chromatin immunoprecipitation assay	27924024	Homo sapiens	GTRD	No
Q16589	901	CCNG2	chromatin immunoprecipitation assay	27924024	Homo sapiens	GTRD	No
Q96KQ7	10919	EHMT2	chromatin immunoprecipitation assay	27924024	Homo sapiens	GTRD	No
Q9NY15	23166	STAB1	chromatin immunoprecipitation assay	27924024	Homo sapiens	GTRD	No
Q9Y225	11237	RNF24	chromatin immunoprecipitation assay	27924024	Homo sapiens	GTRD	No
Q8IYW2	54777	CFAP46	chromatin immunoprecipitation assay	27924024	Homo sapiens	GTRD	No
Q86TY3	145407	ARMH4	chromatin immunoprecipitation assay	27924024	Homo sapiens	GTRD	No
P26367	5080	PAX6	chromatin immunoprecipitation assay	27924024	Homo sapiens	GTRD	No
P24347	4320	MMP11	chromatin immunoprecipitation assay	27924024	Homo sapiens	GTRD	No
Q07866	3831	KLC1	chromatin immunoprecipitation assay	27924024	Homo sapiens	GTRD	No
P41146	4987	OPRL1	chromatin immunoprecipitation assay	27924024	Homo sapiens	GTRD	No
Q15406	2649	NR6A1	chromatin immunoprecipitation assay	27924024	Homo sapiens	GTRD	No
Q9Y4D2	747	DAGLA	chromatin immunoprecipitation assay	27924024	Homo sapiens	GTRD	No
Q2YD98	57654	UVSSA	chromatin immunoprecipitation assay	27924024	Homo sapiens	GTRD	No
Q5TDH0	84301	DDI2	chromatin immunoprecipitation assay	27924024	Homo sapiens	GTRD	No
O15530	5170	PDPK1	chromatin immunoprecipitation assay	27924024	Homo sapiens	GTRD	No
Q96QD8	54407	SLC38A2	chromatin immunoprecipitation assay	27924024	Homo sapiens	GTRD	No
Q96NU1	148398	SAMD11	chromatin immunoprecipitation assay	27924024	Homo sapiens	GTRD	No
Q96EN9	55049	REX1BD	chromatin immunoprecipitation assay	27924024	Homo sapiens	GTRD	No
Q9HB14	56659	KCNK13	chromatin immunoprecipitation assay	27924024	Homo sapiens	GTRD	No
O95721	9342	SNAP29	chromatin immunoprecipitation assay	27924024	Homo sapiens	GTRD	No
Q9BQ31	3790	KCNS3	chromatin immunoprecipitation assay	27924024	Homo sapiens	GTRD	No
Q15942	7791	ZYX	chromatin immunoprecipitation assay	27924024	Homo sapiens	GTRD	No
Q7Z5Q5	353497	POLN	chromatin immunoprecipitation assay	27924024	Homo sapiens	GTRD	No
Q9ULJ6	57178	ZMIZ1	chromatin immunoprecipitation assay	27924024	Homo sapiens	GTRD	No
Q6XQN6	93100	NAPRT	chromatin immunoprecipitation assay	27924024	Homo sapiens	GTRD	No
Q96KR6	116151	FAM210B	chromatin immunoprecipitation assay	27924024	Homo sapiens	GTRD	No
Q86VZ4	84918	LRP11	chromatin immunoprecipitation assay	27924024	Homo sapiens	GTRD	No
Q6BDS2	54887	UHRF1BP1	chromatin immunoprecipitation assay	27924024	Homo sapiens	GTRD	No
A6NKC9	646892	SH2D7	chromatin immunoprecipitation assay	27924024	Homo sapiens	GTRD	No
O43182	395	ARHGAP6	chromatin immunoprecipitation assay	27924024	Homo sapiens	GTRD	No
Q96CN7	51015	ISOC1	chromatin immunoprecipitation assay	27924024	Homo sapiens	GTRD	No
Q8WVT3	51112	TRAPPC12	chromatin immunoprecipitation assay	27924024	Homo sapiens	GTRD	No
Q9UKJ5	26511	CHIC2	chromatin immunoprecipitation assay	27924024	Homo sapiens	GTRD	No
P10242	4602	MYB	chromatin immunoprecipitation assay	27924024	Homo sapiens	GTRD	No
Q9H8M2	65980	BRD9	chromatin immunoprecipitation assay	27924024	Homo sapiens	GTRD	No
M0QX08	NA	-	chromatin immunoprecipitation assay	27924024	Homo sapiens	GTRD	No
Q96BN6	317662	FAM149B1	chromatin immunoprecipitation assay	27924024	Homo sapiens	GTRD	No
Q8N7E2	158506	CBLL2	chromatin immunoprecipitation assay	27924024	Homo sapiens	GTRD	No
Q96I25	84991	RBM17	chromatin immunoprecipitation assay	27924024	Homo sapiens	GTRD	No
O75973	10882	C1QL1	chromatin immunoprecipitation assay	27924024	Homo sapiens	GTRD	No
A6NLU5	342865	VSTM2B	chromatin immunoprecipitation assay	27924024	Homo sapiens	GTRD	No
Q6NTE8	51149	MRNIP	chromatin immunoprecipitation assay	27924024	Homo sapiens	GTRD	No
Q8N2S1	8425	LTBP4	chromatin immunoprecipitation assay	27924024	Homo sapiens	GTRD	No
O15315	5890	RAD51B	chromatin immunoprecipitation assay	27924024	Homo sapiens	GTRD	No
Q96G23	29956	CERS2	chromatin immunoprecipitation assay	27924024	Homo sapiens	GTRD	No
Q9Y546	115353	LRRC42	chromatin immunoprecipitation assay	27924024	Homo sapiens	GTRD	No
O75771	5892	RAD51D	chromatin immunoprecipitation assay	27924024	Homo sapiens	GTRD	No
Q5VV17	220213	OTUD1	chromatin immunoprecipitation assay	27924024	Homo sapiens	GTRD	No
O43292	8733	GPAA1	chromatin immunoprecipitation assay	27924024	Homo sapiens	GTRD	No
A6NHR9	23347	SMCHD1	chromatin immunoprecipitation assay	27924024	Homo sapiens	GTRD	No
Q12791	3778	KCNMA1	chromatin immunoprecipitation assay	27924024	Homo sapiens	GTRD	No
Q9P225	146754	DNAH2	chromatin immunoprecipitation assay	27924024	Homo sapiens	GTRD	No
P56945	9564	BCAR1	chromatin immunoprecipitation assay	27924024	Homo sapiens	GTRD	No
O95405	9372	ZFYVE9	chromatin immunoprecipitation assay	27924024	Homo sapiens	GTRD	No
Q03431	5745	PTH1R	chromatin immunoprecipitation assay	27924024	Homo sapiens	GTRD	No
Q92859	4756	NEO1	chromatin immunoprecipitation assay	27924024	Homo sapiens	GTRD	No
Q3KR16	55200	PLEKHG6	chromatin immunoprecipitation assay	27924024	Homo sapiens	GTRD	No
P30825	6541	SLC7A1	chromatin immunoprecipitation assay	27924024	Homo sapiens	GTRD	No
Q99958	2303	FOXC2	chromatin immunoprecipitation assay	27924024	Homo sapiens	GTRD	No
Q9Y243	10000	AKT3	chromatin immunoprecipitation assay	27924024	Homo sapiens	GTRD	No
Q53EP0	64778	FNDC3B	chromatin immunoprecipitation assay	27924024	Homo sapiens	GTRD	No
Q9BZ67	83786	FRMD8	chromatin immunoprecipitation assay	27924024	Homo sapiens	GTRD	No
Q96I34	84988	PPP1R16A	chromatin immunoprecipitation assay	27924024	Homo sapiens	GTRD	No
P61224	5908	RAP1B	chromatin immunoprecipitation assay	27924024	Homo sapiens	GTRD	No
Q8IX90	221150	SKA3	chromatin immunoprecipitation assay	27924024	Homo sapiens	GTRD	No
P20839	3614	IMPDH1	chromatin immunoprecipitation assay	27924024	Homo sapiens	GTRD	No
Q8N4C6	51199	NIN	chromatin immunoprecipitation assay	27924024	Homo sapiens	GTRD	No
Q92556	9844	ELMO1	chromatin immunoprecipitation assay	27924024	Homo sapiens	GTRD	No
P46019	5256	PHKA2	chromatin immunoprecipitation assay	27924024	Homo sapiens	GTRD	No
P0C6T2	100128731	OST4	chromatin immunoprecipitation assay	27924024	Homo sapiens	GTRD	No
Q12778	2308	FOXO1	chromatin immunoprecipitation assay	27924024	Homo sapiens	GTRD	No
Q9UBV7	11285	B4GALT7	chromatin immunoprecipitation assay	27924024	Homo sapiens	GTRD	No
O00483	4697	NDUFA4	chromatin immunoprecipitation assay	27924024	Homo sapiens	GTRD	No
Q9BYE9	54825	CDHR2	chromatin immunoprecipitation assay	27924024	Homo sapiens	GTRD	No
Q9Y6D9	8379	MAD1L1	chromatin immunoprecipitation assay	27924024	Homo sapiens	GTRD	No
Q8N8D9	NA	IRF1-AS1	chromatin immunoprecipitation assay	27924024	Homo sapiens	GTRD	No
Q9ULL4	5365	PLXNB3	chromatin immunoprecipitation assay	27924024	Homo sapiens	GTRD	No
P49715	1050	CEBPA	chromatin immunoprecipitation assay	27924024	Homo sapiens	GTRD	No
A0A024R161	552891	DNAJC25-GNG10	chromatin immunoprecipitation assay	27924024	Homo sapiens	GTRD	No
Q5VXD3	148418	SAMD13	chromatin immunoprecipitation assay	27924024	Homo sapiens	GTRD	No
Q9BYH1	23544	SEZ6L	chromatin immunoprecipitation assay	27924024	Homo sapiens	GTRD	No
Q9NQ03	85508	SCRT2	chromatin immunoprecipitation assay	27924024	Homo sapiens	GTRD	No
Q6UXG8	153579	BTNL9	chromatin immunoprecipitation assay	27924024	Homo sapiens	GTRD	No
P36894	657	BMPR1A	chromatin immunoprecipitation assay	27924024	Homo sapiens	GTRD	No
Q00056	3201	HOXA4	chromatin immunoprecipitation assay	27924024	Homo sapiens	GTRD	No
Q9Y4D7	23129	PLXND1	chromatin immunoprecipitation assay	27924024	Homo sapiens	GTRD	No
Q9BZW5	53346	TM6SF1	chromatin immunoprecipitation assay	27924024	Homo sapiens	GTRD	No
Q6Q0C1	283600	SLC25A47	chromatin immunoprecipitation assay	27924024	Homo sapiens	GTRD	No
Q03014	3087	HHEX	chromatin immunoprecipitation assay	27924024	Homo sapiens	GTRD	No
P83111	114294	LACTB	chromatin immunoprecipitation assay	27924024	Homo sapiens	GTRD	No
Q9HB19	59339	PLEKHA2	chromatin immunoprecipitation assay	27924024	Homo sapiens	GTRD	No
Q96DB2	79885	HDAC11	chromatin immunoprecipitation assay	27924024	Homo sapiens	GTRD	No
Q5T5C0	134957	STXBP5	chromatin immunoprecipitation assay	27924024	Homo sapiens	GTRD	No
Q8TEA8	92675	DTD1	chromatin immunoprecipitation assay	27924024	Homo sapiens	GTRD	No
Q9Y2D5	445815	AKAP2	chromatin immunoprecipitation assay	27924024	Homo sapiens	GTRD	No
Q68CZ2	64759	TNS3	chromatin immunoprecipitation assay	27924024	Homo sapiens	GTRD	No
Q9H4L4	26168	SENP3	chromatin immunoprecipitation assay	27924024	Homo sapiens	GTRD	No
Q5C9Z4	64434	NOM1	chromatin immunoprecipitation assay	27924024	Homo sapiens	GTRD	No
Q14192	2274	FHL2	chromatin immunoprecipitation assay	27924024	Homo sapiens	GTRD	No
Q3SXM5	83693	HSDL1	chromatin immunoprecipitation assay	27924024	Homo sapiens	GTRD	No
Q8TB22	64847	SPATA20	chromatin immunoprecipitation assay	27924024	Homo sapiens	GTRD	No
Q5JZY3	284656	EPHA10	chromatin immunoprecipitation assay	27924024	Homo sapiens	GTRD	No
P41586	117	ADCYAP1R1	chromatin immunoprecipitation assay	27924024	Homo sapiens	GTRD	No
Q8N5S9	84254	CAMKK1	chromatin immunoprecipitation assay	27924024	Homo sapiens	GTRD	No
Q8IXI2	55288	RHOT1	chromatin immunoprecipitation assay	27924024	Homo sapiens	GTRD	No
Q6L8G9	440023	KRTAP5-6	chromatin immunoprecipitation assay	27924024	Homo sapiens	GTRD	No
O00268	6874	TAF4	chromatin immunoprecipitation assay	27924024	Homo sapiens	GTRD	No
Q00LT1	768206	PRCD	chromatin immunoprecipitation assay	27924024	Homo sapiens	GTRD	No
Q9BZI1	153572	IRX2	chromatin immunoprecipitation assay	27924024	Homo sapiens	GTRD	No
Q9P243	57623	ZFAT	chromatin immunoprecipitation assay	27924024	Homo sapiens	GTRD	No
Q9NXR7	9577	BABAM2	chromatin immunoprecipitation assay	27924024	Homo sapiens	GTRD	No
Q9NRQ2	57088	PLSCR4	chromatin immunoprecipitation assay	27924024	Homo sapiens	GTRD	No
Q6ZW49	22976	PAXIP1	chromatin immunoprecipitation assay	27924024	Homo sapiens	GTRD	No
O00167	2139	EYA2	chromatin immunoprecipitation assay	27924024	Homo sapiens	GTRD	No
Q8NFM4	196883	ADCY4	chromatin immunoprecipitation assay	27924024	Homo sapiens	GTRD	No
Q9UJJ9	84572	GNPTG	chromatin immunoprecipitation assay	27924024	Homo sapiens	GTRD	No
P68543	165324	UBXN2A	chromatin immunoprecipitation assay	27924024	Homo sapiens	GTRD	No
Q9Y261	3170	FOXA2	chromatin immunoprecipitation assay	27924024	Homo sapiens	GTRD	No
Q96LD8	123228	SENP8	chromatin immunoprecipitation assay	27924024	Homo sapiens	GTRD	No
Q9UPN6	22828	SCAF8	chromatin immunoprecipitation assay	27924024	Homo sapiens	GTRD	No
Q13523	8899	PRPF4B	chromatin immunoprecipitation assay	27924024	Homo sapiens	GTRD	No
Q495B1	348094	ANKDD1A	chromatin immunoprecipitation assay	27924024	Homo sapiens	GTRD	No
Q9HC29	64127	NOD2	chromatin immunoprecipitation assay	27924024	Homo sapiens	GTRD	No
Q7LFL8	51523	CXXC5	chromatin immunoprecipitation assay	27924024	Homo sapiens	GTRD	No
O75038	9651	PLCH2	chromatin immunoprecipitation assay	27924024	Homo sapiens	GTRD	No
Q9BY84	80824	DUSP16	chromatin immunoprecipitation assay	27924024	Homo sapiens	GTRD	No
Q2M2W7	284018	C17orf58	chromatin immunoprecipitation assay	27924024	Homo sapiens	GTRD	No
Q13422	10320	IKZF1	chromatin immunoprecipitation assay	27924024	Homo sapiens	GTRD	No
Q96N66	79143	MBOAT7	chromatin immunoprecipitation assay	27924024	Homo sapiens	GTRD	No
Q9Y6W3	23473	CAPN7	chromatin immunoprecipitation assay	27924024	Homo sapiens	GTRD	No
Q8IZJ3	NA	CPAMD8	chromatin immunoprecipitation assay	27924024	Homo sapiens	GTRD	No
Q8TEB7	79589	RNF128	chromatin immunoprecipitation assay	27924024	Homo sapiens	GTRD	No
Q9Y2E4	22982	DIP2C	chromatin immunoprecipitation assay	27924024	Homo sapiens	GTRD	No
Q9BZG8	1801	DPH1	chromatin immunoprecipitation assay	27924024	Homo sapiens	GTRD	No
P78415	79191	IRX3	chromatin immunoprecipitation assay	27924024	Homo sapiens	GTRD	No
Q12796	10957	PNRC1	chromatin immunoprecipitation assay	27924024	Homo sapiens	GTRD	No
P78314	6452	SH3BP2	chromatin immunoprecipitation assay	27924024	Homo sapiens	GTRD	No
Q86YM7	9456	HOMER1	chromatin immunoprecipitation assay	27924024	Homo sapiens	GTRD	No
Q7Z429	2907	GRINA	chromatin immunoprecipitation assay	27924024	Homo sapiens	GTRD	No
Q8N8F7	286006	LSMEM1	chromatin immunoprecipitation assay	27924024	Homo sapiens	GTRD	No
Q9Y2T7	51087	YBX2	chromatin immunoprecipitation assay	27924024	Homo sapiens	GTRD	No
Q9H910	90861	JPT2	chromatin immunoprecipitation assay	27924024	Homo sapiens	GTRD	No
Q8N3T6	92293	TMEM132C	chromatin immunoprecipitation assay	27924024	Homo sapiens	GTRD	No
Q2TB10	168850	ZNF800	chromatin immunoprecipitation assay	27924024	Homo sapiens	GTRD	No
Q99985	10512	SEMA3C	chromatin immunoprecipitation assay	27924024	Homo sapiens	GTRD	No
A0A0C4DH70	NA	IGHJ2	chromatin immunoprecipitation assay	27924024	Homo sapiens	GTRD	No
Q01113	3581	IL9R	chromatin immunoprecipitation assay	27924024	Homo sapiens	GTRD	No
Q13308	5754	PTK7	chromatin immunoprecipitation assay	27924024	Homo sapiens	GTRD	No
P48167	2743	GLRB	chromatin immunoprecipitation assay	27924024	Homo sapiens	GTRD	No
Q96NW4	84079	ANKRD27	chromatin immunoprecipitation assay	27924024	Homo sapiens	GTRD	No
O75170	9701	PPP6R2	chromatin immunoprecipitation assay	27924024	Homo sapiens	GTRD	No
B3SHH9	283953	TMEM114	chromatin immunoprecipitation assay	27924024	Homo sapiens	GTRD	No
Q9Y6X2	10401	PIAS3	chromatin immunoprecipitation assay	27924024	Homo sapiens	GTRD	No
Q8TCT0	64781	CERK	chromatin immunoprecipitation assay	27924024	Homo sapiens	GTRD	No
Q8TC41	154214	RNF217	chromatin immunoprecipitation assay	27924024	Homo sapiens	GTRD	No
Q8N6U8	23432	GPR161	chromatin immunoprecipitation assay	27924024	Homo sapiens	GTRD	No
P48066	6538	SLC6A11	chromatin immunoprecipitation assay	27924024	Homo sapiens	GTRD	No
Q8TB40	63874	ABHD4	chromatin immunoprecipitation assay	27924024	Homo sapiens	GTRD	No
Q6NSI3	152877	FAM53A	chromatin immunoprecipitation assay	27924024	Homo sapiens	GTRD	No
Q96E35	116225	ZMYND19	chromatin immunoprecipitation assay	27924024	Homo sapiens	GTRD	No
Q9NY47	9254	CACNA2D2	chromatin immunoprecipitation assay	27924024	Homo sapiens	GTRD	No
A6NED7	NA	-	chromatin immunoprecipitation assay	27924024	Homo sapiens	GTRD	No
Q96L73	64324	NSD1	chromatin immunoprecipitation assay	27924024	Homo sapiens	GTRD	No
P51164	496	ATP4B	chromatin immunoprecipitation assay	27924024	Homo sapiens	GTRD	No
P09086	5452	POU2F2	chromatin immunoprecipitation assay	27924024	Homo sapiens	GTRD	No
Q9Y4X0	9949	AMMECR1	chromatin immunoprecipitation assay	27924024	Homo sapiens	GTRD	No
Q86YN6	133522	PPARGC1B	chromatin immunoprecipitation assay	27924024	Homo sapiens	GTRD	No
Q8IXK0	1912	PHC2	chromatin immunoprecipitation assay	27924024	Homo sapiens	GTRD	No
Q7L8W6	89978	DPH6	chromatin immunoprecipitation assay	27924024	Homo sapiens	GTRD	No
Q9BQD7	65990	ANTKMT	chromatin immunoprecipitation assay	27924024	Homo sapiens	GTRD	No
Q8NEL9	80821	DDHD1	chromatin immunoprecipitation assay	27924024	Homo sapiens	GTRD	No
Q9BTV5	79187	FSD1	chromatin immunoprecipitation assay	27924024	Homo sapiens	GTRD	No
P48378	5990	RFX2	chromatin immunoprecipitation assay	27924024	Homo sapiens	GTRD	No
Q13642	2273	FHL1	chromatin immunoprecipitation assay	27924024	Homo sapiens	GTRD	No
O95340	9060	PAPSS2	chromatin immunoprecipitation assay	27924024	Homo sapiens	GTRD	No
Q15438	9267	CYTH1	chromatin immunoprecipitation assay	27924024	Homo sapiens	GTRD	No
Q13418	3611	ILK	chromatin immunoprecipitation assay	27924024	Homo sapiens	GTRD	No
Q8IXZ3	221833	SP8	chromatin immunoprecipitation assay	27924024	Homo sapiens	GTRD	No
O75157	9819	TSC22D2	chromatin immunoprecipitation assay	27924024	Homo sapiens	GTRD	No
P24278	7597	ZBTB25	chromatin immunoprecipitation assay	27924024	Homo sapiens	GTRD	No
Q00597	2176	FANCC	chromatin immunoprecipitation assay	27924024	Homo sapiens	GTRD	No
P35716	6664	SOX11	chromatin immunoprecipitation assay	27924024	Homo sapiens	GTRD	No
Q9H0Z9	55544	RBM38	chromatin immunoprecipitation assay	27924024	Homo sapiens	GTRD	No
S4R434	100527978	TLCD4-RWDD3	chromatin immunoprecipitation assay	27924024	Homo sapiens	GTRD	No
P17676	1051	CEBPB	chromatin immunoprecipitation assay	27924024	Homo sapiens	GTRD	No
Q9Y6Y1	23261	CAMTA1	chromatin immunoprecipitation assay	27924024	Homo sapiens	GTRD	No
Q9BWW7	83482	SCRT1	chromatin immunoprecipitation assay	27924024	Homo sapiens	GTRD	No
Q9NXF1	54881	TEX10	chromatin immunoprecipitation assay	27924024	Homo sapiens	GTRD	No
Q9Y468	26013	L3MBTL1	chromatin immunoprecipitation assay	27924024	Homo sapiens	GTRD	No
Q8N0U2	199964	TMEM61	chromatin immunoprecipitation assay	27924024	Homo sapiens	GTRD	No
Q6NSJ2	653583	PHLDB3	chromatin immunoprecipitation assay	27924024	Homo sapiens	GTRD	No
P01116	3845	KRAS	chromatin immunoprecipitation assay	27924024	Homo sapiens	GTRD	No
Q13115	1846	DUSP4	chromatin immunoprecipitation assay	27924024	Homo sapiens	GTRD	No
Q9H9P5	64718	UNKL	chromatin immunoprecipitation assay	27924024	Homo sapiens	GTRD	No
F5H697	NA	-	chromatin immunoprecipitation assay	27924024	Homo sapiens	GTRD	No
O75592	23077	MYCBP2	chromatin immunoprecipitation assay	27924024	Homo sapiens	GTRD	No
Q9Y490	7094	TLN1	chromatin immunoprecipitation assay	27924024	Homo sapiens	GTRD	No
Q9UKM7	11253	MAN1B1	chromatin immunoprecipitation assay	27924024	Homo sapiens	GTRD	No
Q9Y6H5	9627	SNCAIP	chromatin immunoprecipitation assay	27924024	Homo sapiens	GTRD	No
Q5XUX0	79791	FBXO31	chromatin immunoprecipitation assay	27924024	Homo sapiens	GTRD	No
O75368	6451	SH3BGRL	chromatin immunoprecipitation assay	27924024	Homo sapiens	GTRD	No
Q7Z570	91752	ZNF804A	chromatin immunoprecipitation assay	27924024	Homo sapiens	GTRD	No
Q9ULP0	65009	NDRG4	chromatin immunoprecipitation assay	27924024	Homo sapiens	GTRD	No
Q8TAA9	81839	VANGL1	chromatin immunoprecipitation assay	27924024	Homo sapiens	GTRD	No
P51687	6821	SUOX	chromatin immunoprecipitation assay	27924024	Homo sapiens	GTRD	No
Q6P1M0	10999	SLC27A4	chromatin immunoprecipitation assay	27924024	Homo sapiens	GTRD	No
O95450	9509	ADAMTS2	chromatin immunoprecipitation assay	27924024	Homo sapiens	GTRD	No
Q13651	3587	IL10RA	chromatin immunoprecipitation assay	27924024	Homo sapiens	GTRD	No
Q03252	84823	LMNB2	chromatin immunoprecipitation assay	27924024	Homo sapiens	GTRD	No
Q9BY89	85379	KIAA1671	chromatin immunoprecipitation assay	27924024	Homo sapiens	GTRD	No
Q6IEE7	124842	TMEM132E	chromatin immunoprecipitation assay	27924024	Homo sapiens	GTRD	No
Q8N264	83478	ARHGAP24	chromatin immunoprecipitation assay	27924024	Homo sapiens	GTRD	No
Q9UPQ3	116987	AGAP1	chromatin immunoprecipitation assay	27924024	Homo sapiens	GTRD	No
Q5T1R4	59269	HIVEP3	chromatin immunoprecipitation assay	27924024	Homo sapiens	GTRD	No
Q9HC56	5101	PCDH9	chromatin immunoprecipitation assay	27924024	Homo sapiens	GTRD	No
Q6ZMS4	285346	ZNF852	chromatin immunoprecipitation assay	27924024	Homo sapiens	GTRD	No
P10586	5792	PTPRF	chromatin immunoprecipitation assay	27924024	Homo sapiens	GTRD	No
Q9H9B1	79813	EHMT1	chromatin immunoprecipitation assay	27924024	Homo sapiens	GTRD	No
Q9Y5W7	57231	SNX14	chromatin immunoprecipitation assay	27924024	Homo sapiens	GTRD	No
Q06210	2673	GFPT1	chromatin immunoprecipitation assay	27924024	Homo sapiens	GTRD	No
P60903	6281	S100A10	chromatin immunoprecipitation assay	27924024	Homo sapiens	GTRD	No
Q5T4D3	84899	TMTC4	chromatin immunoprecipitation assay	27924024	Homo sapiens	GTRD	No
P13645	3858	KRT10	chromatin immunoprecipitation assay	27924024	Homo sapiens	GTRD	No
A1L157	441631	TSPAN11	chromatin immunoprecipitation assay	27924024	Homo sapiens	GTRD	No
Q5VWW1	389941	C1QL3	chromatin immunoprecipitation assay	27924024	Homo sapiens	GTRD	No
Q49AJ0	51059	FAM135B	chromatin immunoprecipitation assay	27924024	Homo sapiens	GTRD	No
Q9Y4W6	10939	AFG3L2	chromatin immunoprecipitation assay	27924024	Homo sapiens	GTRD	No
Q96SZ6	51654	CDK5RAP1	chromatin immunoprecipitation assay	27924024	Homo sapiens	GTRD	No
Q96MY1	140688	NOL4L	chromatin immunoprecipitation assay	27924024	Homo sapiens	GTRD	No
P25963	4792	NFKBIA	chromatin immunoprecipitation assay	27924024	Homo sapiens	GTRD	No
P27144	205	AK4	chromatin immunoprecipitation assay	27924024	Homo sapiens	GTRD	No
Q96KV7	197335	WDR90	chromatin immunoprecipitation assay	27924024	Homo sapiens	GTRD	No
Q9Y376	51719	CAB39	chromatin immunoprecipitation assay	27924024	Homo sapiens	GTRD	No
Q9UM11	51343	FZR1	chromatin immunoprecipitation assay	27924024	Homo sapiens	GTRD	No
Q8NFN8	165829	GPR156	chromatin immunoprecipitation assay	27924024	Homo sapiens	GTRD	No
Q96L91	57634	EP400	chromatin immunoprecipitation assay	27924024	Homo sapiens	GTRD	No
Q8N1E6	144699	FBXL14	chromatin immunoprecipitation assay	27924024	Homo sapiens	GTRD	No
Q86YP4	54815	GATAD2A	chromatin immunoprecipitation assay	27924024	Homo sapiens	GTRD	No
Q7Z4U5	404220	C6orf201	chromatin immunoprecipitation assay	27924024	Homo sapiens	GTRD	No
Q96HG1	644538	SMIM10	chromatin immunoprecipitation assay	27924024	Homo sapiens	GTRD	No
Q15043	23516	SLC39A14	chromatin immunoprecipitation assay	27924024	Homo sapiens	GTRD	No
Q9Y6I4	9960	USP3	chromatin immunoprecipitation assay	27924024	Homo sapiens	GTRD	No
Q9BVG9	81490	PTDSS2	chromatin immunoprecipitation assay	27924024	Homo sapiens	GTRD	No
P52735	7410	VAV2	chromatin immunoprecipitation assay	27924024	Homo sapiens	GTRD	No
Q7Z6G3	54550	NECAB2	chromatin immunoprecipitation assay	27924024	Homo sapiens	GTRD	No
P42336	5290	PIK3CA	chromatin immunoprecipitation assay	27924024	Homo sapiens	GTRD	No
O95749	9453	GGPS1	chromatin immunoprecipitation assay	27924024	Homo sapiens	GTRD	No
Q6UWL2	64420	SUSD1	chromatin immunoprecipitation assay	27924024	Homo sapiens	GTRD	No
Q7L5Y1	55556	ENOSF1	chromatin immunoprecipitation assay	27924024	Homo sapiens	GTRD	No
O75689	11033	ADAP1	chromatin immunoprecipitation assay	27924024	Homo sapiens	GTRD	No
Q99687	56917	MEIS3	chromatin immunoprecipitation assay	27924024	Homo sapiens	GTRD	No
Q6NSI8	84542	KIAA1841	chromatin immunoprecipitation assay	27924024	Homo sapiens	GTRD	No
Q8N1W1	64283	ARHGEF28	chromatin immunoprecipitation assay	27924024	Homo sapiens	GTRD	No
Q6X4W1	26012	NSMF	chromatin immunoprecipitation assay	27924024	Homo sapiens	GTRD	No
Q96NZ1	121643	FOXN4	chromatin immunoprecipitation assay	27924024	Homo sapiens	GTRD	No
Q86UP0	64403	CDH24	chromatin immunoprecipitation assay	27924024	Homo sapiens	GTRD	No
P29274	135	ADORA2A	chromatin immunoprecipitation assay	27924024	Homo sapiens	GTRD	No
Q96LW7	84270	CARD19	chromatin immunoprecipitation assay	27924024	Homo sapiens	GTRD	No
Q5T7W0	114991	ZNF618	chromatin immunoprecipitation assay	27924024	Homo sapiens	GTRD	No
Q9Y4X5	25820	ARIH1	chromatin immunoprecipitation assay	27924024	Homo sapiens	GTRD	No
Q96HE8	283232	TMEM80	chromatin immunoprecipitation assay	27924024	Homo sapiens	GTRD	No
Q13972	5923	RASGRF1	chromatin immunoprecipitation assay	27924024	Homo sapiens	GTRD	No
Q8N2F6	83787	ARMC10	chromatin immunoprecipitation assay	27924024	Homo sapiens	GTRD	No
Q5VU57	84871	AGBL4	chromatin immunoprecipitation assay	27924024	Homo sapiens	GTRD	No
Q4G112	124535	HSF5	chromatin immunoprecipitation assay	27924024	Homo sapiens	GTRD	No
P18509	116	ADCYAP1	chromatin immunoprecipitation assay	27924024	Homo sapiens	GTRD	No
P11309	5292	PIM1	chromatin immunoprecipitation assay	27924024	Homo sapiens	GTRD	No
P06213	3643	INSR	chromatin immunoprecipitation assay	27924024	Homo sapiens	GTRD	No
O60906	6610	SMPD2	chromatin immunoprecipitation assay	27924024	Homo sapiens	GTRD	No
P07093	5270	SERPINE2	chromatin immunoprecipitation assay	27924024	Homo sapiens	GTRD	No
Q3MHD2	124801	LSM12	chromatin immunoprecipitation assay	27924024	Homo sapiens	GTRD	No
O75386	7289	TULP3	chromatin immunoprecipitation assay	27924024	Homo sapiens	GTRD	No
Q8TE57	170690	ADAMTS16	chromatin immunoprecipitation assay	27924024	Homo sapiens	GTRD	No
P56270	4150	MAZ	chromatin immunoprecipitation assay	27924024	Homo sapiens	GTRD	No
P40426	5090	PBX3	chromatin immunoprecipitation assay	27924024	Homo sapiens	GTRD	No
Q9P0V3	23677	SH3BP4	chromatin immunoprecipitation assay	27924024	Homo sapiens	GTRD	No
Q5VZY2	196051	PLPP4	chromatin immunoprecipitation assay	27924024	Homo sapiens	GTRD	No
O14810	10815	CPLX1	chromatin immunoprecipitation assay	27924024	Homo sapiens	GTRD	No
A6NIH7	84747	UNC119B	chromatin immunoprecipitation assay	27924024	Homo sapiens	GTRD	No
Q9BYZ6	23221	RHOBTB2	chromatin immunoprecipitation assay	27924024	Homo sapiens	GTRD	No
Q8N159	162417	NAGS	chromatin immunoprecipitation assay	27924024	Homo sapiens	GTRD	No
Q5VTD9	8328	GFI1B	chromatin immunoprecipitation assay	27924024	Homo sapiens	GTRD	No
Q6ZN54	54849	DEF8	chromatin immunoprecipitation assay	27924024	Homo sapiens	GTRD	No
P19086	2781	GNAZ	chromatin immunoprecipitation assay	27924024	Homo sapiens	GTRD	No
P78539	8406	SRPX	chromatin immunoprecipitation assay	27924024	Homo sapiens	GTRD	No
Q5SRH9	22996	TTC39A	chromatin immunoprecipitation assay	27924024	Homo sapiens	GTRD	No
Q6ZPD9	147991	DPY19L3	chromatin immunoprecipitation assay	27924024	Homo sapiens	GTRD	No
Q92597	10397	NDRG1	chromatin immunoprecipitation assay	27924024	Homo sapiens	GTRD	No
Q96FT9	112752	IFT43	chromatin immunoprecipitation assay	27924024	Homo sapiens	GTRD	No
O75083	9948	WDR1	chromatin immunoprecipitation assay	27924024	Homo sapiens	GTRD	No
Q8WUH6	90488	TMEM263	chromatin immunoprecipitation assay	27924024	Homo sapiens	GTRD	No
Q99081	6938	TCF12	chromatin immunoprecipitation assay	27924024	Homo sapiens	GTRD	No
Q8NHP8	196463	PLBD2	chromatin immunoprecipitation assay	27924024	Homo sapiens	GTRD	No
Q8IUZ5	85007	PHYKPL	chromatin immunoprecipitation assay	27924024	Homo sapiens	GTRD	No
Q9UKA1	26234	FBXL5	chromatin immunoprecipitation assay	27924024	Homo sapiens	GTRD	No
O15264	5603	MAPK13	chromatin immunoprecipitation assay	27924024	Homo sapiens	GTRD	No
P78337	5307	PITX1	chromatin immunoprecipitation assay	27924024	Homo sapiens	GTRD	No
O43602	1641	DCX	chromatin immunoprecipitation assay	27924024	Homo sapiens	GTRD	No
Q9P275	57602	USP36	chromatin immunoprecipitation assay	27924024	Homo sapiens	GTRD	No
P47736	5909	RAP1GAP	chromatin immunoprecipitation assay	27924024	Homo sapiens	GTRD	No
Q9BTW9	6904	TBCD	chromatin immunoprecipitation assay	27924024	Homo sapiens	GTRD	No
Q7L1W4	55144	LRRC8D	chromatin immunoprecipitation assay	27924024	Homo sapiens	GTRD	No
P11441	8266	UBL4A	chromatin immunoprecipitation assay	27924024	Homo sapiens	GTRD	No
Q15061	23160	WDR43	chromatin immunoprecipitation assay	27924024	Homo sapiens	GTRD	No
Q9UKP4	11173	ADAMTS7	chromatin immunoprecipitation assay	27924024	Homo sapiens	GTRD	No
Q96D70	91300	R3HDM4	chromatin immunoprecipitation assay	27924024	Homo sapiens	GTRD	No
Q68BL7	169611	OLFML2A	chromatin immunoprecipitation assay	27924024	Homo sapiens	GTRD	No
Q8N4Y2	283229	CRACR2B	chromatin immunoprecipitation assay	27924024	Homo sapiens	GTRD	No
Q9H832	65264	UBE2Z	chromatin immunoprecipitation assay	27924024	Homo sapiens	GTRD	No
Q9NV58	25897	RNF19A	chromatin immunoprecipitation assay	27924024	Homo sapiens	GTRD	No
Q9NRC8	51547	SIRT7	chromatin immunoprecipitation assay	27924024	Homo sapiens	GTRD	No
E9PB15	100885848	PTGES3L	chromatin immunoprecipitation assay	27924024	Homo sapiens	GTRD	No
Q8N392	93663	ARHGAP18	chromatin immunoprecipitation assay	27924024	Homo sapiens	GTRD	No
P04000	NA	OPN1LW	chromatin immunoprecipitation assay	27924024	Homo sapiens	GTRD	No
Q9NUU6	54491	OTULINL	chromatin immunoprecipitation assay	27924024	Homo sapiens	GTRD	No
D6RA96	NA	RTEL1-TNFRSF6B	chromatin immunoprecipitation assay	27924024	Homo sapiens	GTRD	No
Q9NQC7	1540	CYLD	chromatin immunoprecipitation assay	27924024	Homo sapiens	GTRD	No
P23434	2653	GCSH	chromatin immunoprecipitation assay	27924024	Homo sapiens	GTRD	No
Q5H9M0	139221	PWWP3B	chromatin immunoprecipitation assay	27924024	Homo sapiens	GTRD	No
Q9Y2H6	22862	FNDC3A	chromatin immunoprecipitation assay	27924024	Homo sapiens	GTRD	No
Q8TEE9	100316904	SAP25	chromatin immunoprecipitation assay	27924024	Homo sapiens	GTRD	No
Q9ULB1	9378	NRXN1	chromatin immunoprecipitation assay	27924024	Homo sapiens	GTRD	No
Q6TFL3	203238	CCDC171	chromatin immunoprecipitation assay	27924024	Homo sapiens	GTRD	No
Q86V20	54537	SHLD2	chromatin immunoprecipitation assay	27924024	Homo sapiens	GTRD	No
A2VDJ0	23240	TMEM131L	chromatin immunoprecipitation assay	27924024	Homo sapiens	GTRD	No
Q9HAU8	57140	RNPEPL1	chromatin immunoprecipitation assay	27924024	Homo sapiens	GTRD	No
Q9BPW5	65997	RASL11B	chromatin immunoprecipitation assay	27924024	Homo sapiens	GTRD	No
Q15149	5339	PLEC	chromatin immunoprecipitation assay	27924024	Homo sapiens	GTRD	No
Q9H7B4	64754	SMYD3	chromatin immunoprecipitation assay	27924024	Homo sapiens	GTRD	No
Q5T0U0	160857	CCDC122	chromatin immunoprecipitation assay	27924024	Homo sapiens	GTRD	No
Q13867	642	BLMH	chromatin immunoprecipitation assay	27924024	Homo sapiens	GTRD	No
Q53F39	65258	MPPE1	chromatin immunoprecipitation assay	27924024	Homo sapiens	GTRD	No
Q9BYJ9	54915	YTHDF1	chromatin immunoprecipitation assay	27924024	Homo sapiens	GTRD	No
Q8NAP1	352954	CASTOR3	chromatin immunoprecipitation assay	27924024	Homo sapiens	GTRD	No
O15049	23138	N4BP3	chromatin immunoprecipitation assay	27924024	Homo sapiens	GTRD	No
Q15048	9684	LRRC14	chromatin immunoprecipitation assay	27924024	Homo sapiens	GTRD	No
Q9P2X3	55364	IMPACT	chromatin immunoprecipitation assay	27924024	Homo sapiens	GTRD	No
Q9UL15	9529	BAG5	chromatin immunoprecipitation assay	27924024	Homo sapiens	GTRD	No
Q9BXJ8	83862	TMEM120A	chromatin immunoprecipitation assay	27924024	Homo sapiens	GTRD	No
Q16825	11099	PTPN21	chromatin immunoprecipitation assay	27924024	Homo sapiens	GTRD	No
Q7Z6G8	56899	ANKS1B	chromatin immunoprecipitation assay	27924024	Homo sapiens	GTRD	No
Q9H841	79815	NIPAL2	chromatin immunoprecipitation assay	27924024	Homo sapiens	GTRD	No
P35225	3596	IL13	chromatin immunoprecipitation assay	27924024	Homo sapiens	GTRD	No
Q08345	780	DDR1	chromatin immunoprecipitation assay	27924024	Homo sapiens	GTRD	No
Q6ZUX7	10184	LHFPL2	chromatin immunoprecipitation assay	27924024	Homo sapiens	GTRD	No
Q5T1S8	400746	NCMAP	chromatin immunoprecipitation assay	27924024	Homo sapiens	GTRD	No
Q7Z6J0	57630	SH3RF1	chromatin immunoprecipitation assay	27924024	Homo sapiens	GTRD	No
Q96A54	51094	ADIPOR1	chromatin immunoprecipitation assay	27924024	Homo sapiens	GTRD	No
Q2VPJ9	388886	LRRC75B	chromatin immunoprecipitation assay	27924024	Homo sapiens	GTRD	No
Q16623	6804	STX1A	chromatin immunoprecipitation assay	27924024	Homo sapiens	GTRD	No
P62937	5478	PPIA	chromatin immunoprecipitation assay	27924024	Homo sapiens	GTRD	No
O15484	726	CAPN5	chromatin immunoprecipitation assay	27924024	Homo sapiens	GTRD	No
Q05084	3382	ICA1	chromatin immunoprecipitation assay	27924024	Homo sapiens	GTRD	No
P53801	754	PTTG1IP	chromatin immunoprecipitation assay	27924024	Homo sapiens	GTRD	No
P49238	1524	CX3CR1	chromatin immunoprecipitation assay	27924024	Homo sapiens	GTRD	No
Q15382	6009	RHEB	chromatin immunoprecipitation assay	27924024	Homo sapiens	GTRD	No
Q13362	5527	PPP2R5C	chromatin immunoprecipitation assay	27924024	Homo sapiens	GTRD	No
Q5JSZ5	84726	PRRC2B	chromatin immunoprecipitation assay	27924024	Homo sapiens	GTRD	No
Q9NS64	56475	RPRM	chromatin immunoprecipitation assay	27924024	Homo sapiens	GTRD	No
P49137	9261	MAPKAPK2	chromatin immunoprecipitation assay	27924024	Homo sapiens	GTRD	No
Q5JVL4	114327	EFHC1	chromatin immunoprecipitation assay	27924024	Homo sapiens	GTRD	No
Q13261	3601	IL15RA	chromatin immunoprecipitation assay	27924024	Homo sapiens	GTRD	No
Q8WV99	130617	ZFAND2B	chromatin immunoprecipitation assay	27924024	Homo sapiens	GTRD	No
Q9NR63	56603	CYP26B1	chromatin immunoprecipitation assay	27924024	Homo sapiens	GTRD	No
Q9Y2X8	51619	UBE2D4	chromatin immunoprecipitation assay	27924024	Homo sapiens	GTRD	No
Q9ULR3	57460	PPM1H	chromatin immunoprecipitation assay	27924024	Homo sapiens	GTRD	No
Q8N9M1	126526	C19orf47	chromatin immunoprecipitation assay	27924024	Homo sapiens	GTRD	No
Q9HCH5	54843	SYTL2	chromatin immunoprecipitation assay	27924024	Homo sapiens	GTRD	No
Q8TBF5	54965	PIGX	chromatin immunoprecipitation assay	27924024	Homo sapiens	GTRD	No
P42574	836	CASP3	chromatin immunoprecipitation assay	27924024	Homo sapiens	GTRD	No
Q9NWW6	54981	NMRK1	chromatin immunoprecipitation assay	27924024	Homo sapiens	GTRD	No
Q14814	4209	MEF2D	chromatin immunoprecipitation assay	27924024	Homo sapiens	GTRD	No
Q9UK23	51172	NAGPA	chromatin immunoprecipitation assay	27924024	Homo sapiens	GTRD	No
Q9Y6M0	10942	PRSS21	chromatin immunoprecipitation assay	27924024	Homo sapiens	GTRD	No
P27694	6117	RPA1	chromatin immunoprecipitation assay	27924024	Homo sapiens	GTRD	No
Q32M45	121601	ANO4	chromatin immunoprecipitation assay	27924024	Homo sapiens	GTRD	No
Q9NZI5	29841	GRHL1	chromatin immunoprecipitation assay	27924024	Homo sapiens	GTRD	No
O60832	1736	DKC1	chromatin immunoprecipitation assay	27924024	Homo sapiens	GTRD	No
Q9NP61	26286	ARFGAP3	chromatin immunoprecipitation assay	27924024	Homo sapiens	GTRD	No
A0A1B0GTL3	NA	-	chromatin immunoprecipitation assay	27924024	Homo sapiens	GTRD	No
Q9H0Q0	81553	CYRIA	chromatin immunoprecipitation assay	27924024	Homo sapiens	GTRD	No
Q9UPS6	23067	SETD1B	chromatin immunoprecipitation assay	27924024	Homo sapiens	GTRD	No
Q8ND23	90668	CARMIL3	chromatin immunoprecipitation assay	27924024	Homo sapiens	GTRD	No
Q01892	6689	SPIB	chromatin immunoprecipitation assay	27924024	Homo sapiens	GTRD	No
P39687	8125	ANP32A	chromatin immunoprecipitation assay	27924024	Homo sapiens	GTRD	No
O95785	58525	WIZ	chromatin immunoprecipitation assay	27924024	Homo sapiens	GTRD	No
Q04727	7091	TLE4	chromatin immunoprecipitation assay	27924024	Homo sapiens	GTRD	No
Q9NVF9	55224	ETNK2	chromatin immunoprecipitation assay	27924024	Homo sapiens	GTRD	No
Q9H6A9	399909	PCNX3	chromatin immunoprecipitation assay	27924024	Homo sapiens	GTRD	No
Q9P2W9	53407	STX18	chromatin immunoprecipitation assay	27924024	Homo sapiens	GTRD	No
O94804	6793	STK10	chromatin immunoprecipitation assay	27924024	Homo sapiens	GTRD	No
Q9HA77	79587	CARS2	chromatin immunoprecipitation assay	27924024	Homo sapiens	GTRD	No
Q8N5Y8	54956	PARP16	chromatin immunoprecipitation assay	27924024	Homo sapiens	GTRD	No
P45844	9619	ABCG1	chromatin immunoprecipitation assay	27924024	Homo sapiens	GTRD	No
O15067	5198	PFAS	chromatin immunoprecipitation assay	27924024	Homo sapiens	GTRD	No
Q9NRW1	51560	RAB6B	chromatin immunoprecipitation assay	27924024	Homo sapiens	GTRD	No
O95359	10579	TACC2	chromatin immunoprecipitation assay	27924024	Homo sapiens	GTRD	No
Q9UL33	51693	TRAPPC2L	chromatin immunoprecipitation assay	27924024	Homo sapiens	GTRD	No
Q3KQV9	91373	UAP1L1	chromatin immunoprecipitation assay	27924024	Homo sapiens	GTRD	No
Q9P1Z0	57659	ZBTB4	chromatin immunoprecipitation assay	27924024	Homo sapiens	GTRD	No
Q2V2M9	80206	FHOD3	chromatin immunoprecipitation assay	27924024	Homo sapiens	GTRD	No
Q9UBL9	22953	P2RX2	chromatin immunoprecipitation assay	27924024	Homo sapiens	GTRD	No
O95996	10297	APC2	chromatin immunoprecipitation assay	27924024	Homo sapiens	GTRD	No
Q9NZJ4	26278	SACS	chromatin immunoprecipitation assay	27924024	Homo sapiens	GTRD	No
Q13459	4650	MYO9B	chromatin immunoprecipitation assay	27924024	Homo sapiens	GTRD	No
Q5VSY0	80318	GKAP1	chromatin immunoprecipitation assay	27924024	Homo sapiens	GTRD	No
Q14722	7881	KCNAB1	chromatin immunoprecipitation assay	27924024	Homo sapiens	GTRD	No
O95157	11248	NXPH3	chromatin immunoprecipitation assay	27924024	Homo sapiens	GTRD	No
Q9BVL4	83642	SELENOO	chromatin immunoprecipitation assay	27924024	Homo sapiens	GTRD	No
Q05BQ5	54799	MBTD1	chromatin immunoprecipitation assay	27924024	Homo sapiens	GTRD	No
P61077	7323	UBE2D3	chromatin immunoprecipitation assay	27924024	Homo sapiens	GTRD	No
Q86YD3	84866	TMEM25	chromatin immunoprecipitation assay	27924024	Homo sapiens	GTRD	No
Q9UKB5	55966	AJAP1	chromatin immunoprecipitation assay	27924024	Homo sapiens	GTRD	No
B2CW77	100144748	KLLN	chromatin immunoprecipitation assay	27924024	Homo sapiens	GTRD	No
P08581	4233	MET	chromatin immunoprecipitation assay	27924024	Homo sapiens	GTRD	No
Q96BF6	138151	NACC2	chromatin immunoprecipitation assay	27924024	Homo sapiens	GTRD	No
Q9NVG8	54662	TBC1D13	chromatin immunoprecipitation assay	27924024	Homo sapiens	GTRD	No
Q8N2H9	246330	PELI3	chromatin immunoprecipitation assay	27924024	Homo sapiens	GTRD	No
Q9BPZ2	474343	SPIN2B	chromatin immunoprecipitation assay	27924024	Homo sapiens	GTRD	No
P35555	2200	FBN1	chromatin immunoprecipitation assay	27924024	Homo sapiens	GTRD	No
Q9UQF2	9479	MAPK8IP1	chromatin immunoprecipitation assay	27924024	Homo sapiens	GTRD	No
Q9NS82	56301	SLC7A10	chromatin immunoprecipitation assay	27924024	Homo sapiens	GTRD	No
Q9BSL1	10422	UBAC1	chromatin immunoprecipitation assay	27924024	Homo sapiens	GTRD	No
Q32ZL2	163404	PLPPR5	chromatin immunoprecipitation assay	27924024	Homo sapiens	GTRD	No
Q8IX01	10147	SUGP2	chromatin immunoprecipitation assay	27924024	Homo sapiens	GTRD	No
Q86SR1	55568	GALNT10	chromatin immunoprecipitation assay	27924024	Homo sapiens	GTRD	No
Q5T0D9	127262	TPRG1L	chromatin immunoprecipitation assay	27924024	Homo sapiens	GTRD	No
Q8N8L6	285598	ARL10	chromatin immunoprecipitation assay	27924024	Homo sapiens	GTRD	No
Q8N2K1	118424	UBE2J2	chromatin immunoprecipitation assay	27924024	Homo sapiens	GTRD	No
O43414	79033	ERI3	chromatin immunoprecipitation assay	27924024	Homo sapiens	GTRD	No
Q68CP4	138050	HGSNAT	chromatin immunoprecipitation assay	27924024	Homo sapiens	GTRD	No
Q8IW00	196740	VSTM4	chromatin immunoprecipitation assay	27924024	Homo sapiens	GTRD	No
Q9UJQ7	140856	SCP2D1	chromatin immunoprecipitation assay	27924024	Homo sapiens	GTRD	No
Q96CX2	115207	KCTD12	chromatin immunoprecipitation assay	27924024	Homo sapiens	GTRD	No
P00813	100	ADA	chromatin immunoprecipitation assay	27924024	Homo sapiens	GTRD	No
O95267	10125	RASGRP1	chromatin immunoprecipitation assay	27924024	Homo sapiens	GTRD	No
P50747	3141	HLCS	chromatin immunoprecipitation assay	27924024	Homo sapiens	GTRD	No
Q6ZRI6	56905	C15orf39	chromatin immunoprecipitation assay	27924024	Homo sapiens	GTRD	No
P04629	4914	NTRK1	chromatin immunoprecipitation assay	27924024	Homo sapiens	GTRD	No
O95390	10220	GDF11	chromatin immunoprecipitation assay	27924024	Homo sapiens	GTRD	No
Q9UI17	29958	DMGDH	chromatin immunoprecipitation assay	27924024	Homo sapiens	GTRD	No
O14732	3613	IMPA2	chromatin immunoprecipitation assay	27924024	Homo sapiens	GTRD	No
Q9NXH9	55621	TRMT1	chromatin immunoprecipitation assay	27924024	Homo sapiens	GTRD	No
Q7Z5J4	10743	RAI1	chromatin immunoprecipitation assay	27924024	Homo sapiens	GTRD	No
Q9H2B4	10861	SLC26A1	chromatin immunoprecipitation assay	27924024	Homo sapiens	GTRD	No
Q9C0D4	85460	ZNF518B	chromatin immunoprecipitation assay	27924024	Homo sapiens	GTRD	No
P25490	7528	YY1	chromatin immunoprecipitation assay	27924024	Homo sapiens	GTRD	No
P23470	5793	PTPRG	chromatin immunoprecipitation assay	27924024	Homo sapiens	GTRD	No
P42166	7112	TMPO	chromatin immunoprecipitation assay	27924024	Homo sapiens	GTRD	No
Q2TBF2	9671	WSCD2	chromatin immunoprecipitation assay	27924024	Homo sapiens	GTRD	No
Q15286	11021	RAB35	chromatin immunoprecipitation assay	27924024	Homo sapiens	GTRD	No
P08590	4634	MYL3	chromatin immunoprecipitation assay	27924024	Homo sapiens	GTRD	No
Q08170	6429	SRSF4	chromatin immunoprecipitation assay	27924024	Homo sapiens	GTRD	No
Q8IXN7	284716	RIMKLA	chromatin immunoprecipitation assay	27924024	Homo sapiens	GTRD	No
P0C1H6	286436	H2BW2	chromatin immunoprecipitation assay	27924024	Homo sapiens	GTRD	No
Q6ZUJ8	118788	PIK3AP1	chromatin immunoprecipitation assay	27924024	Homo sapiens	GTRD	No
Q7Z5Y7	222658	KCTD20	chromatin immunoprecipitation assay	27924024	Homo sapiens	GTRD	No
Q8NHU3	166929	SGMS2	chromatin immunoprecipitation assay	27924024	Homo sapiens	GTRD	No
Q96TA1	64855	NIBAN2	chromatin immunoprecipitation assay	27924024	Homo sapiens	GTRD	No
Q9BRJ7	84309	NUDT16L1	chromatin immunoprecipitation assay	27924024	Homo sapiens	GTRD	No
O43524	2309	FOXO3	chromatin immunoprecipitation assay	27924024	Homo sapiens	GTRD	No
Q9NSY0	340371	NRBP2	chromatin immunoprecipitation assay	27924024	Homo sapiens	GTRD	No
Q9P1Y6	57661	PHRF1	chromatin immunoprecipitation assay	27924024	Homo sapiens	GTRD	No
P56179	1750	DLX6	chromatin immunoprecipitation assay	27924024	Homo sapiens	GTRD	No
Q15084	10130	PDIA6	chromatin immunoprecipitation assay	27924024	Homo sapiens	GTRD	No
O15085	9826	ARHGEF11	chromatin immunoprecipitation assay	27924024	Homo sapiens	GTRD	No
Q9UK28	25789	TMEM59L	chromatin immunoprecipitation assay	27924024	Homo sapiens	GTRD	No
Q6P4A7	119559	SFXN4	chromatin immunoprecipitation assay	27924024	Homo sapiens	GTRD	No
Q9Y6M5	7779	SLC30A1	chromatin immunoprecipitation assay	27924024	Homo sapiens	GTRD	No
Q7RTP6	57553	MICAL3	chromatin immunoprecipitation assay	27924024	Homo sapiens	GTRD	No
Q9HBH9	2872	MKNK2	chromatin immunoprecipitation assay	27924024	Homo sapiens	GTRD	No
Q9NP66	10363	HMG20A	chromatin immunoprecipitation assay	27924024	Homo sapiens	GTRD	No
Q14103	3184	HNRNPD	chromatin immunoprecipitation assay	27924024	Homo sapiens	GTRD	No
Q8TDX7	140609	NEK7	chromatin immunoprecipitation assay	27924024	Homo sapiens	GTRD	No
Q6IMN6	65981	CAPRIN2	chromatin immunoprecipitation assay	27924024	Homo sapiens	GTRD	No
Q13477	8174	MADCAM1	chromatin immunoprecipitation assay	27924024	Homo sapiens	GTRD	No
Q9ULD4	27154	BRPF3	chromatin immunoprecipitation assay	27924024	Homo sapiens	GTRD	No
O60635	10103	TSPAN1	chromatin immunoprecipitation assay	27924024	Homo sapiens	GTRD	No
P13796	3936	LCP1	chromatin immunoprecipitation assay	27924024	Homo sapiens	GTRD	No
Q9UHR4	55971	BAIAP2L1	chromatin immunoprecipitation assay	27924024	Homo sapiens	GTRD	No
Q6IS24	64409	GALNT17	chromatin immunoprecipitation assay	27924024	Homo sapiens	GTRD	No
Q8NFD5	57492	ARID1B	chromatin immunoprecipitation assay	27924024	Homo sapiens	GTRD	No
Q9NUZ1	55289	ACOXL	chromatin immunoprecipitation assay	27924024	Homo sapiens	GTRD	No
O14640	1855	DVL1	chromatin immunoprecipitation assay	27924024	Homo sapiens	GTRD	No
P60953	998	CDC42	chromatin immunoprecipitation assay	27924024	Homo sapiens	GTRD	No
Q7Z6Z7	10075	HUWE1	chromatin immunoprecipitation assay	27924024	Homo sapiens	GTRD	No
Q86U42	8106	PABPN1	chromatin immunoprecipitation assay	27924024	Homo sapiens	GTRD	No
O15296	247	ALOX15B	chromatin immunoprecipitation assay	27924024	Homo sapiens	GTRD	No
Q13275	6405	SEMA3F	chromatin immunoprecipitation assay	27924024	Homo sapiens	GTRD	No
Q9UIA9	23039	XPO7	chromatin immunoprecipitation assay	27924024	Homo sapiens	GTRD	No
P50453	5272	SERPINB9	chromatin immunoprecipitation assay	27924024	Homo sapiens	GTRD	No
Q5T5X7	57673	BEND3	chromatin immunoprecipitation assay	27924024	Homo sapiens	GTRD	No
Q6P3S1	163486	DENND1B	chromatin immunoprecipitation assay	27924024	Homo sapiens	GTRD	No
Q9NR77	5827	PXMP2	chromatin immunoprecipitation assay	27924024	Homo sapiens	GTRD	No
P35573	178	AGL	chromatin immunoprecipitation assay	27924024	Homo sapiens	GTRD	No
Q8N9N5	54971	BANP	chromatin immunoprecipitation assay	27924024	Homo sapiens	GTRD	No
Q6IQ22	201475	RAB12	chromatin immunoprecipitation assay	27924024	Homo sapiens	GTRD	No
O95487	10427	SEC24B	chromatin immunoprecipitation assay	27924024	Homo sapiens	GTRD	No
Q00613	3297	HSF1	chromatin immunoprecipitation assay	27924024	Homo sapiens	GTRD	No
P32189	2710	GK	chromatin immunoprecipitation assay	27924024	Homo sapiens	GTRD	No
Q12931	10131	TRAP1	chromatin immunoprecipitation assay	27924024	Homo sapiens	GTRD	No
Q7Z3Z4	143689	PIWIL4	chromatin immunoprecipitation assay	27924024	Homo sapiens	GTRD	No
Q499Z4	79894	ZNF672	chromatin immunoprecipitation assay	27924024	Homo sapiens	GTRD	No
Q12830	2186	BPTF	chromatin immunoprecipitation assay	27924024	Homo sapiens	GTRD	No
Q9NYJ8	23118	TAB2	chromatin immunoprecipitation assay	27924024	Homo sapiens	GTRD	No
A8MV65	389136	VGLL3	chromatin immunoprecipitation assay	27924024	Homo sapiens	GTRD	No
Q14011	1153	CIRBP	chromatin immunoprecipitation assay	27924024	Homo sapiens	GTRD	No
P35270	6697	SPR	chromatin immunoprecipitation assay	27924024	Homo sapiens	GTRD	No
O94919	23052	ENDOD1	chromatin immunoprecipitation assay	27924024	Homo sapiens	GTRD	No
Q8TCY5	56246	MRAP	chromatin immunoprecipitation assay	27924024	Homo sapiens	GTRD	No
Q9ULE3	27147	DENND2A	chromatin immunoprecipitation assay	27924024	Homo sapiens	GTRD	No
C9JH25	401399	PRRT4	chromatin immunoprecipitation assay	27924024	Homo sapiens	GTRD	No
P18146	1958	EGR1	chromatin immunoprecipitation assay	27924024	Homo sapiens	GTRD	No
Q9NPF8	55803	ADAP2	chromatin immunoprecipitation assay	27924024	Homo sapiens	GTRD	No
Q04864	5966	REL	chromatin immunoprecipitation assay	27924024	Homo sapiens	GTRD	No
Q93062	11030	RBPMS	chromatin immunoprecipitation assay	27924024	Homo sapiens	GTRD	No
Q96PN7	55809	TRERF1	chromatin immunoprecipitation assay	27924024	Homo sapiens	GTRD	No
Q8TEK3	84444	DOT1L	chromatin immunoprecipitation assay	27924024	Homo sapiens	GTRD	No
Q8IXP5	341032	C11orf53	chromatin immunoprecipitation assay	27924024	Homo sapiens	GTRD	No
Q9P0L0	9218	VAPA	chromatin immunoprecipitation assay	27924024	Homo sapiens	GTRD	No
Q14938	4784	NFIX	chromatin immunoprecipitation assay	27924024	Homo sapiens	GTRD	No
O14939	5338	PLD2	chromatin immunoprecipitation assay	27924024	Homo sapiens	GTRD	No
P54278	5395	PMS2	chromatin immunoprecipitation assay	27924024	Homo sapiens	GTRD	No
O43542	7517	XRCC3	chromatin immunoprecipitation assay	27924024	Homo sapiens	GTRD	No
F5GXW4	NA	-	chromatin immunoprecipitation assay	27924024	Homo sapiens	GTRD	No
P55317	3169	FOXA1	chromatin immunoprecipitation assay	27924024	Homo sapiens	GTRD	No
P23677	3706	ITPKA	chromatin immunoprecipitation assay	27924024	Homo sapiens	GTRD	No
P0C5K7	196993	CT62	chromatin immunoprecipitation assay	27924024	Homo sapiens	GTRD	No
Q8NET6	166012	CHST13	chromatin immunoprecipitation assay	27924024	Homo sapiens	GTRD	No
Q9UPU9	23034	SAMD4A	chromatin immunoprecipitation assay	27924024	Homo sapiens	GTRD	No
P17600	6853	SYN1	chromatin immunoprecipitation assay	27924024	Homo sapiens	GTRD	No
P81274	29899	GPSM2	chromatin immunoprecipitation assay	27924024	Homo sapiens	GTRD	No
Q9H772	64388	GREM2	chromatin immunoprecipitation assay	27924024	Homo sapiens	GTRD	No
P0DL12	147670	SMIM17	chromatin immunoprecipitation assay	27924024	Homo sapiens	GTRD	No
Q7Z6M2	254170	FBXO33	chromatin immunoprecipitation assay	27924024	Homo sapiens	GTRD	No
Q86WV1	8631	SKAP1	chromatin immunoprecipitation assay	27924024	Homo sapiens	GTRD	No
Q9UKC9	25827	FBXL2	chromatin immunoprecipitation assay	27924024	Homo sapiens	GTRD	No
Q6P4R8	4798	NFRKB	chromatin immunoprecipitation assay	27924024	Homo sapiens	GTRD	No
Q14CX7	80018	NAA25	chromatin immunoprecipitation assay	27924024	Homo sapiens	GTRD	No
Q9P2M1	55805	LRP2BP	chromatin immunoprecipitation assay	27924024	Homo sapiens	GTRD	No
P10914	3659	IRF1	chromatin immunoprecipitation assay	27924024	Homo sapiens	GTRD	No
Q9NNX1	7286	TUFT1	chromatin immunoprecipitation assay	27924024	Homo sapiens	GTRD	No
Q9P0J7	56888	KCMF1	chromatin immunoprecipitation assay	27924024	Homo sapiens	GTRD	No
Q5R3F8	114794	ELFN2	chromatin immunoprecipitation assay	27924024	Homo sapiens	GTRD	No
P57772	60678	EEFSEC	chromatin immunoprecipitation assay	27924024	Homo sapiens	GTRD	No
P0DP25	801,805,808	CALM3	chromatin immunoprecipitation assay	27924024	Homo sapiens	GTRD	No
Q765I0	257313	UTS2B	chromatin immunoprecipitation assay	27924024	Homo sapiens	GTRD	No
O43529	9486	CHST10	chromatin immunoprecipitation assay	27924024	Homo sapiens	GTRD	No
Q6NZ36	199990	FAAP20	chromatin immunoprecipitation assay	27924024	Homo sapiens	GTRD	No
O75907	8694	DGAT1	chromatin immunoprecipitation assay	27924024	Homo sapiens	GTRD	No
P18054	239	ALOX12	chromatin immunoprecipitation assay	27924024	Homo sapiens	GTRD	No
Q6ICL3	128989	TANGO2	chromatin immunoprecipitation assay	27924024	Homo sapiens	GTRD	No
P13489	6050	RNH1	chromatin immunoprecipitation assay	27924024	Homo sapiens	GTRD	No
Q9UHC6	26047	CNTNAP2	chromatin immunoprecipitation assay	27924024	Homo sapiens	GTRD	No
P36507	5605	MAP2K2	chromatin immunoprecipitation assay	27924024	Homo sapiens	GTRD	No
Q86XT9	124446	TMEM219	chromatin immunoprecipitation assay	27924024	Homo sapiens	GTRD	No
Q8IWQ3	9024	BRSK2	chromatin immunoprecipitation assay	27924024	Homo sapiens	GTRD	No
Q14108	950	SCARB2	chromatin immunoprecipitation assay	27924024	Homo sapiens	GTRD	No
P35367	3269	HRH1	chromatin immunoprecipitation assay	27924024	Homo sapiens	GTRD	No
Q969F2	85409	NKD2	chromatin immunoprecipitation assay	27924024	Homo sapiens	GTRD	No
Q8IV13	79616	CCNJL	chromatin immunoprecipitation assay	27924024	Homo sapiens	GTRD	No
O75604	9099	USP2	chromatin immunoprecipitation assay	27924024	Homo sapiens	GTRD	No
O14746	7015	TERT	chromatin immunoprecipitation assay	27924024	Homo sapiens	GTRD	No
Q8N7P1	200150	PLD5	chromatin immunoprecipitation assay	27924024	Homo sapiens	GTRD	No
Q86V48	7798	LUZP1	chromatin immunoprecipitation assay	27924024	Homo sapiens	GTRD	No
Q9H7X0	79903	NAA60	chromatin immunoprecipitation assay	27924024	Homo sapiens	GTRD	No
Q96AY4	23331	TTC28	chromatin immunoprecipitation assay	27924024	Homo sapiens	GTRD	No
Q99501	10634	GAS2L1	chromatin immunoprecipitation assay	27924024	Homo sapiens	GTRD	No
Q8IZ26	80778	ZNF34	chromatin immunoprecipitation assay	27924024	Homo sapiens	GTRD	No
Q9BV10	79087	ALG12	chromatin immunoprecipitation assay	27924024	Homo sapiens	GTRD	No
O43639	8440	NCK2	chromatin immunoprecipitation assay	27924024	Homo sapiens	GTRD	No
Q16563	6856	SYPL1	chromatin immunoprecipitation assay	27924024	Homo sapiens	GTRD	No
Q96Q07	114781	BTBD9	chromatin immunoprecipitation assay	27924024	Homo sapiens	GTRD	No
Q5RHP9	127254	ERICH3	chromatin immunoprecipitation assay	27924024	Homo sapiens	GTRD	No
P16144	3691	ITGB4	chromatin immunoprecipitation assay	27924024	Homo sapiens	GTRD	No
Q7Z3K6	166968	MIER3	chromatin immunoprecipitation assay	27924024	Homo sapiens	GTRD	No
Q6P3S6	54455	FBXO42	chromatin immunoprecipitation assay	27924024	Homo sapiens	GTRD	No
Q5TEC3	90874	ZNF697	chromatin immunoprecipitation assay	27924024	Homo sapiens	GTRD	No
Q8TEM1	23225	NUP210	chromatin immunoprecipitation assay	27924024	Homo sapiens	GTRD	No
Q9UID6	51193	ZNF639	chromatin immunoprecipitation assay	27924024	Homo sapiens	GTRD	No
P13498	1535	CYBA	chromatin immunoprecipitation assay	27924024	Homo sapiens	GTRD	No
P41221	7474	WNT5A	chromatin immunoprecipitation assay	27924024	Homo sapiens	GTRD	No
Q9BZ23	80025	PANK2	chromatin immunoprecipitation assay	27924024	Homo sapiens	GTRD	No
O75815	8412	BCAR3	chromatin immunoprecipitation assay	27924024	Homo sapiens	GTRD	No
Q9H254	57731	SPTBN4	chromatin immunoprecipitation assay	27924024	Homo sapiens	GTRD	No
O76080	7763	ZFAND5	chromatin immunoprecipitation assay	27924024	Homo sapiens	GTRD	No
Q9ULV4	23603	CORO1C	chromatin immunoprecipitation assay	27924024	Homo sapiens	GTRD	No
P18577	6006	RHCE	chromatin immunoprecipitation assay	27924024	Homo sapiens	GTRD	No
Q8TDM0	55653	BCAS4	chromatin immunoprecipitation assay	27924024	Homo sapiens	GTRD	No
E7EU14	NA	PPP5D1	chromatin immunoprecipitation assay	27924024	Homo sapiens	GTRD	No
Q9P0Z9	51268	PIPOX	chromatin immunoprecipitation assay	27924024	Homo sapiens	GTRD	No
Q9UBC0	3175	ONECUT1	chromatin immunoprecipitation assay	27924024	Homo sapiens	GTRD	No
Q92613	9767	JADE3	chromatin immunoprecipitation assay	27924024	Homo sapiens	GTRD	No
Q14117	1807	DPYS	chromatin immunoprecipitation assay	27924024	Homo sapiens	GTRD	No
Q16875	5209	PFKFB3	chromatin immunoprecipitation assay	27924024	Homo sapiens	GTRD	No
Q9UKV3	22985	ACIN1	chromatin immunoprecipitation assay	27924024	Homo sapiens	GTRD	No
A0A1B0GTR0	NA	EDDM13	chromatin immunoprecipitation assay	27924024	Homo sapiens	GTRD	No
Q8WY21	114815	SORCS1	chromatin immunoprecipitation assay	27924024	Homo sapiens	GTRD	No
Q16774	2987	GUK1	chromatin immunoprecipitation assay	27924024	Homo sapiens	GTRD	No
Q6P9F7	23507	LRRC8B	chromatin immunoprecipitation assay	27924024	Homo sapiens	GTRD	No
Q9Y5Q0	3995	FADS3	chromatin immunoprecipitation assay	27924024	Homo sapiens	GTRD	No
Q8IUR0	126003	TRAPPC5	chromatin immunoprecipitation assay	27924024	Homo sapiens	GTRD	No
Q96PB1	64921	CASD1	chromatin immunoprecipitation assay	27924024	Homo sapiens	GTRD	No
P31749	207	AKT1	chromatin immunoprecipitation assay	27924024	Homo sapiens	GTRD	No
Q9H9H5	79929	MAP6D1	chromatin immunoprecipitation assay	27924024	Homo sapiens	GTRD	No
Q8NBS9	81567	TXNDC5	chromatin immunoprecipitation assay	27924024	Homo sapiens	GTRD	No
Q92925	6603	SMARCD2	chromatin immunoprecipitation assay	27924024	Homo sapiens	GTRD	No
Q16572	6572	SLC18A3	chromatin immunoprecipitation assay	27924024	Homo sapiens	GTRD	No
P00533	1956	EGFR	chromatin immunoprecipitation assay	27924024	Homo sapiens	GTRD	No
P09529	3625	INHBB	chromatin immunoprecipitation assay	27924024	Homo sapiens	GTRD	No
Q8NHW6	150677	OTOS	chromatin immunoprecipitation assay	27924024	Homo sapiens	GTRD	No
Q2NL82	55720	TSR1	chromatin immunoprecipitation assay	27924024	Homo sapiens	GTRD	No
P43250	2870	GRK6	chromatin immunoprecipitation assay	27924024	Homo sapiens	GTRD	No
Q13087	64714	PDIA2	chromatin immunoprecipitation assay	27924024	Homo sapiens	GTRD	No
Q9GZN7	79641	ROGDI	chromatin immunoprecipitation assay	27924024	Homo sapiens	GTRD	No
P17706	5771	PTPN2	chromatin immunoprecipitation assay	27924024	Homo sapiens	GTRD	No
O60245	5099	PCDH7	chromatin immunoprecipitation assay	27924024	Homo sapiens	GTRD	No
Q96MN9	118738	ZNF488	chromatin immunoprecipitation assay	27924024	Homo sapiens	GTRD	No
Q92622	9711	RUBCN	chromatin immunoprecipitation assay	27924024	Homo sapiens	GTRD	No
Q14126	1829	DSG2	chromatin immunoprecipitation assay	27924024	Homo sapiens	GTRD	No
Q8IYB7	129563	DIS3L2	chromatin immunoprecipitation assay	27924024	Homo sapiens	GTRD	No
Q9H777	55520	ELAC1	chromatin immunoprecipitation assay	27924024	Homo sapiens	GTRD	No
O95299	4705	NDUFA10	chromatin immunoprecipitation assay	27924024	Homo sapiens	GTRD	No
Q9Y6R0	9253	NUMBL	chromatin immunoprecipitation assay	27924024	Homo sapiens	GTRD	No
P52799	1948	EFNB2	chromatin immunoprecipitation assay	27924024	Homo sapiens	GTRD	No
Q9NZN5	23365	ARHGEF12	chromatin immunoprecipitation assay	27924024	Homo sapiens	GTRD	No
O14764	2563	GABRD	chromatin immunoprecipitation assay	27924024	Homo sapiens	GTRD	No
Q6QHF9	196743	PAOX	chromatin immunoprecipitation assay	27924024	Homo sapiens	GTRD	No
Q9UIW0	25806	VAX2	chromatin immunoprecipitation assay	27924024	Homo sapiens	GTRD	No
Q9H1E5	56255	TMX4	chromatin immunoprecipitation assay	27924024	Homo sapiens	GTRD	No
O43657	7105	TSPAN6	chromatin immunoprecipitation assay	27924024	Homo sapiens	GTRD	No
O75420	NA	GIGYF1	chromatin immunoprecipitation assay	27924024	Homo sapiens	GTRD	No
Q5BJE1	374864	CCDC178	chromatin immunoprecipitation assay	27924024	Homo sapiens	GTRD	No
Q9P0M4	27189	IL17C	chromatin immunoprecipitation assay	27924024	Homo sapiens	GTRD	No
Q4G176	197322	ACSF3	chromatin immunoprecipitation assay	27924024	Homo sapiens	GTRD	No
Q02880	7155	TOP2B	chromatin immunoprecipitation assay	27924024	Homo sapiens	GTRD	No
Q5XG87	11044	TENT4A	chromatin immunoprecipitation assay	27924024	Homo sapiens	GTRD	No
Q92609	9779	TBC1D5	chromatin immunoprecipitation assay	27924024	Homo sapiens	GTRD	No
Q86WH2	283349	RASSF3	chromatin immunoprecipitation assay	27924024	Homo sapiens	GTRD	No
Q86UE8	11011	TLK2	chromatin immunoprecipitation assay	27924024	Homo sapiens	GTRD	No
P52294	3836	KPNA1	chromatin immunoprecipitation assay	27924024	Homo sapiens	GTRD	No
O60869	8721	EDF1	chromatin immunoprecipitation assay	27924024	Homo sapiens	GTRD	No
Q8IW41	8550	MAPKAPK5	chromatin immunoprecipitation assay	27924024	Homo sapiens	GTRD	No
Q14135	9686	VGLL4	chromatin immunoprecipitation assay	27924024	Homo sapiens	GTRD	No
Q96RD1	390321	OR6C1	chromatin immunoprecipitation assay	27924024	Homo sapiens	GTRD	No
Q99607	2000	ELF4	chromatin immunoprecipitation assay	27924024	Homo sapiens	GTRD	No
P19634	6548	SLC9A1	chromatin immunoprecipitation assay	27924024	Homo sapiens	GTRD	No
A7XYQ1	55084	SOBP	chromatin immunoprecipitation assay	27924024	Homo sapiens	GTRD	No
P98171	393	ARHGAP4	chromatin immunoprecipitation assay	27924024	Homo sapiens	GTRD	No
Q05513	5590	PRKCZ	chromatin immunoprecipitation assay	27924024	Homo sapiens	GTRD	No
Q5SSQ6	401251	SAPCD1	chromatin immunoprecipitation assay	27924024	Homo sapiens	GTRD	No
P48751	6508	SLC4A3	chromatin immunoprecipitation assay	27924024	Homo sapiens	GTRD	No
Q9H2F5	80314	EPC1	chromatin immunoprecipitation assay	27924024	Homo sapiens	GTRD	No
Q8ND82	55609	ZNF280C	chromatin immunoprecipitation assay	27924024	Homo sapiens	GTRD	No
Q9C0H5	80728	ARHGAP39	chromatin immunoprecipitation assay	27924024	Homo sapiens	GTRD	No
Q14671	9698	PUM1	chromatin immunoprecipitation assay	27924024	Homo sapiens	GTRD	No
O14672	102	ADAM10	chromatin immunoprecipitation assay	27924024	Homo sapiens	GTRD	No
Q8IZU2	116966	WDR17	chromatin immunoprecipitation assay	27924024	Homo sapiens	GTRD	No
Q9UG56	23761	PISD	chromatin immunoprecipitation assay	27924024	Homo sapiens	GTRD	No
A0A0B4J1U7	NA	IGHV6-1	chromatin immunoprecipitation assay	27924024	Homo sapiens	GTRD	No
P39905	2668	GDNF	chromatin immunoprecipitation assay	27924024	Homo sapiens	GTRD	No
Q9H7J1	90673	PPP1R3E	chromatin immunoprecipitation assay	27924024	Homo sapiens	GTRD	No
Q92618	9658	ZNF516	chromatin immunoprecipitation assay	27924024	Homo sapiens	GTRD	No
P63104	7534	YWHAZ	chromatin immunoprecipitation assay	27924024	Homo sapiens	GTRD	No
Q9UKV8	27161	AGO2	chromatin immunoprecipitation assay	27924024	Homo sapiens	GTRD	No
Q99717	4090	SMAD5	chromatin immunoprecipitation assay	27924024	Homo sapiens	GTRD	No
Q9Y6Q6	8792	TNFRSF11A	chromatin immunoprecipitation assay	27924024	Homo sapiens	GTRD	No
Q8IZD6	55356	SLC22A15	chromatin immunoprecipitation assay	27924024	Homo sapiens	GTRD	No
Q9BRQ0	90780	PYGO2	chromatin immunoprecipitation assay	27924024	Homo sapiens	GTRD	No
Q96BZ9	128637	TBC1D20	chromatin immunoprecipitation assay	27924024	Homo sapiens	GTRD	No
Q6ZMM2	339366	ADAMTSL5	chromatin immunoprecipitation assay	27924024	Homo sapiens	GTRD	No
Q9UHG2	27344	PCSK1N	chromatin immunoprecipitation assay	27924024	Homo sapiens	GTRD	No
Q8IUR5	83857	TMTC1	chromatin immunoprecipitation assay	27924024	Homo sapiens	GTRD	No
Q96JA1	26018	LRIG1	chromatin immunoprecipitation assay	27924024	Homo sapiens	GTRD	No
Q16678	1545	CYP1B1	chromatin immunoprecipitation assay	27924024	Homo sapiens	GTRD	No
H0Y8X5	NA	-	chromatin immunoprecipitation assay	27924024	Homo sapiens	GTRD	No
P43681	1137	CHRNA4	chromatin immunoprecipitation assay	27924024	Homo sapiens	GTRD	No
Q14781	84733	CBX2	chromatin immunoprecipitation assay	27924024	Homo sapiens	GTRD	No
Q9H694	80114	BICC1	chromatin immunoprecipitation assay	27924024	Homo sapiens	GTRD	No
Q9UJ90	23630	KCNE5	chromatin immunoprecipitation assay	27924024	Homo sapiens	GTRD	No
Q9UHV5	51195	RAPGEFL1	chromatin immunoprecipitation assay	27924024	Homo sapiens	GTRD	No
P25800	4004	LMO1	chromatin immunoprecipitation assay	27924024	Homo sapiens	GTRD	No
O14681	9538	EI24	chromatin immunoprecipitation assay	27924024	Homo sapiens	GTRD	No
Q9BU23	91289	LMF2	chromatin immunoprecipitation assay	27924024	Homo sapiens	GTRD	No
O94973	161	AP2A2	chromatin immunoprecipitation assay	27924024	Homo sapiens	GTRD	No
Q86UX2	80760	ITIH5	chromatin immunoprecipitation assay	27924024	Homo sapiens	GTRD	No
Q9UNZ2	55968	NSFL1C	chromatin immunoprecipitation assay	27924024	Homo sapiens	GTRD	No
Q5R3K3	441168	CALHM6	chromatin immunoprecipitation assay	27924024	Homo sapiens	GTRD	No
Q9BT22	56052	ALG1	chromatin immunoprecipitation assay	27924024	Homo sapiens	GTRD	No
P06396	2934	GSN	chromatin immunoprecipitation assay	27924024	Homo sapiens	GTRD	No
Q6P988	147111	NOTUM	chromatin immunoprecipitation assay	27924024	Homo sapiens	GTRD	No
Q8TDN4	91768	CABLES1	chromatin immunoprecipitation assay	27924024	Homo sapiens	GTRD	No
Q8NFW9	25924	MYRIP	chromatin immunoprecipitation assay	27924024	Homo sapiens	GTRD	No
Q14254	2319	FLOT2	chromatin immunoprecipitation assay	27924024	Homo sapiens	GTRD	No
Q99726	7781	SLC30A3	chromatin immunoprecipitation assay	27924024	Homo sapiens	GTRD	No
P26992	1271	CNTFR	chromatin immunoprecipitation assay	27924024	Homo sapiens	GTRD	No
P07949	5979	RET	chromatin immunoprecipitation assay	27924024	Homo sapiens	GTRD	No
P00749	5328	PLAU	chromatin immunoprecipitation assay	27924024	Homo sapiens	GTRD	No
Q14153	9679	FAM53B	chromatin immunoprecipitation assay	27924024	Homo sapiens	GTRD	No
Q6UXU4	146395	GSG1L	chromatin immunoprecipitation assay	27924024	Homo sapiens	GTRD	No
Q8WXS3	79870	BAALC	chromatin immunoprecipitation assay	27924024	Homo sapiens	GTRD	No
Q14667	9703	KIAA0100	chromatin immunoprecipitation assay	27924024	Homo sapiens	GTRD	No
Q9Y6A9	28972	SPCS1	chromatin immunoprecipitation assay	27924024	Homo sapiens	GTRD	No
Q12770	22937	SCAP	chromatin immunoprecipitation assay	27924024	Homo sapiens	GTRD	No
Q8NCW6	63917	GALNT11	chromatin immunoprecipitation assay	27924024	Homo sapiens	GTRD	No
Q96KQ4	23368	PPP1R13B	chromatin immunoprecipitation assay	27924024	Homo sapiens	GTRD	No
Q06187	695	BTK	chromatin immunoprecipitation assay	27924024	Homo sapiens	GTRD	No
Q9H479	64122	FN3K	chromatin immunoprecipitation assay	27924024	Homo sapiens	GTRD	No
Q8IWE2	92689	FAM114A1	chromatin immunoprecipitation assay	27924024	Homo sapiens	GTRD	No
Q96RU2	57646	USP28	chromatin immunoprecipitation assay	27924024	Homo sapiens	GTRD	No
Q7Z403	11322	TMC6	chromatin immunoprecipitation assay	27924024	Homo sapiens	GTRD	No
O75324	8303	SNN	chromatin immunoprecipitation assay	27924024	Homo sapiens	GTRD	No
Q5PRF9	55095	SAMD4B	chromatin immunoprecipitation assay	27924024	Homo sapiens	GTRD	No
P54803	2581	GALC	chromatin immunoprecipitation assay	27924024	Homo sapiens	GTRD	No
Q92737	10633	RASL10A	chromatin immunoprecipitation assay	27924024	Homo sapiens	GTRD	No
P15924	1832	DSP	chromatin immunoprecipitation assay	27924024	Homo sapiens	GTRD	No
Q6Y1H2	201562	HACD2	chromatin immunoprecipitation assay	27924024	Homo sapiens	GTRD	No
O75838	10518	CIB2	chromatin immunoprecipitation assay	27924024	Homo sapiens	GTRD	No
Q12959	1739	DLG1	chromatin immunoprecipitation assay	27924024	Homo sapiens	GTRD	No
Q5JUR7	93081	TEX30	chromatin immunoprecipitation assay	27924024	Homo sapiens	GTRD	No
Q92636	8439	NSMAF	chromatin immunoprecipitation assay	27924024	Homo sapiens	GTRD	No
P41143	4985	OPRD1	chromatin immunoprecipitation assay	27924024	Homo sapiens	GTRD	No
Q9H5I5	63895	PIEZO2	chromatin immunoprecipitation assay	27924024	Homo sapiens	GTRD	No
P04899	2771	GNAI2	chromatin immunoprecipitation assay	27924024	Homo sapiens	GTRD	No
Q96H12	91283	MSANTD3	chromatin immunoprecipitation assay	27924024	Homo sapiens	GTRD	No
Q7RTV5	195827	PRXL2C	chromatin immunoprecipitation assay	27924024	Homo sapiens	GTRD	No
O15303	2916	GRM6	chromatin immunoprecipitation assay	27924024	Homo sapiens	GTRD	No
P29322	2046	EPHA8	chromatin immunoprecipitation assay	27924024	Homo sapiens	GTRD	No
Q14162	8578	SCARF1	chromatin immunoprecipitation assay	27924024	Homo sapiens	GTRD	No
Q8NHJ6	11006	LILRB4	chromatin immunoprecipitation assay	27924024	Homo sapiens	GTRD	No
P46736	79184	BRCC3	chromatin immunoprecipitation assay	27924024	Homo sapiens	GTRD	No
Q96LR4	151647	TAFA4	chromatin immunoprecipitation assay	27924024	Homo sapiens	GTRD	No
Q9NZR1	29767	TMOD2	chromatin immunoprecipitation assay	27924024	Homo sapiens	GTRD	No
P51116	9513	FXR2	chromatin immunoprecipitation assay	27924024	Homo sapiens	GTRD	No
O43895	7512	XPNPEP2	chromatin immunoprecipitation assay	27924024	Homo sapiens	GTRD	No
Q9Y2P8	10171	RCL1	chromatin immunoprecipitation assay	27924024	Homo sapiens	GTRD	No
P33076	4261	CIITA	chromatin immunoprecipitation assay	27924024	Homo sapiens	GTRD	No
Q16595	2395	FXN	chromatin immunoprecipitation assay	27924024	Homo sapiens	GTRD	No
P55055	7376	NR1H2	chromatin immunoprecipitation assay	27924024	Homo sapiens	GTRD	No
O14576	1780	DYNC1I1	chromatin immunoprecipitation assay	27924024	Homo sapiens	GTRD	No
Q9H488	23509	POFUT1	chromatin immunoprecipitation assay	27924024	Homo sapiens	GTRD	No
Q9P0N8	51257	MARCHF2	chromatin immunoprecipitation assay	27924024	Homo sapiens	GTRD	No
Q8TF05	9989	PPP4R1	chromatin immunoprecipitation assay	27924024	Homo sapiens	GTRD	No
Q9Y3S1	65268	WNK2	chromatin immunoprecipitation assay	27924024	Homo sapiens	GTRD	No
Q02156	5581	PRKCE	chromatin immunoprecipitation assay	27924024	Homo sapiens	GTRD	No
Q5SQQ9	11023	VAX1	chromatin immunoprecipitation assay	27924024	Homo sapiens	GTRD	No
O94868	9873	FCHSD2	chromatin immunoprecipitation assay	27924024	Homo sapiens	GTRD	No
Q96CN4	115704	EVI5L	chromatin immunoprecipitation assay	27924024	Homo sapiens	GTRD	No
Q69YI7	203245	NAIF1	chromatin immunoprecipitation assay	27924024	Homo sapiens	GTRD	No
Q9Y6E0	8428	STK24	chromatin immunoprecipitation assay	27924024	Homo sapiens	GTRD	No
Q99946	80863	PRRT1	chromatin immunoprecipitation assay	27924024	Homo sapiens	GTRD	No
Q8N431	255426	RASGEF1C	chromatin immunoprecipitation assay	27924024	Homo sapiens	GTRD	No
O95907	23539	SLC16A8	chromatin immunoprecipitation assay	27924024	Homo sapiens	GTRD	No
Q9UIG8	28232	SLCO3A1	chromatin immunoprecipitation assay	27924024	Homo sapiens	GTRD	No
Q6BEB4	389058	SP5	chromatin immunoprecipitation assay	27924024	Homo sapiens	GTRD	No
Q12968	4775	NFATC3	chromatin immunoprecipitation assay	27924024	Homo sapiens	GTRD	No
O75970	8777	MPDZ	chromatin immunoprecipitation assay	27924024	Homo sapiens	GTRD	No
Q8IWU4	169026	SLC30A8	chromatin immunoprecipitation assay	27924024	Homo sapiens	GTRD	No
Q14149	23515	MORC3	chromatin immunoprecipitation assay	27924024	Homo sapiens	GTRD	No
Q8TBM8	79982	DNAJB14	chromatin immunoprecipitation assay	27924024	Homo sapiens	GTRD	No
O60391	116444	GRIN3B	chromatin immunoprecipitation assay	27924024	Homo sapiens	GTRD	No
O43491	2037	EPB41L2	chromatin immunoprecipitation assay	27924024	Homo sapiens	GTRD	No
Q15311	10928	RALBP1	chromatin immunoprecipitation assay	27924024	Homo sapiens	GTRD	No
Q9UJY4	23062	GGA2	chromatin immunoprecipitation assay	27924024	Homo sapiens	GTRD	No
Q9Y543	54626	HES2	chromatin immunoprecipitation assay	27924024	Homo sapiens	GTRD	No
Q8TBP0	125058	TBC1D16	chromatin immunoprecipitation assay	27924024	Homo sapiens	GTRD	No
Q8WWR8	129807	NEU4	chromatin immunoprecipitation assay	27924024	Homo sapiens	GTRD	No
A6NI28	143872	ARHGAP42	chromatin immunoprecipitation assay	27924024	Homo sapiens	GTRD	No
Q96PE3	3631	INPP4A	chromatin immunoprecipitation assay	27924024	Homo sapiens	GTRD	No
O14686	8085	KMT2D	chromatin immunoprecipitation assay	27924024	Homo sapiens	GTRD	No
Q9H598	140679	SLC32A1	chromatin immunoprecipitation assay	27924024	Homo sapiens	GTRD	No
Q93099	3081	HGD	chromatin immunoprecipitation assay	27924024	Homo sapiens	GTRD	No
Q86YJ7	124930	ANKRD13B	chromatin immunoprecipitation assay	27924024	Homo sapiens	GTRD	No
Q96HA4	54991	C1orf159	chromatin immunoprecipitation assay	27924024	Homo sapiens	GTRD	No
O95503	23466	CBX6	chromatin immunoprecipitation assay	27924024	Homo sapiens	GTRD	No
P48664	6511	SLC1A6	chromatin immunoprecipitation assay	27924024	Homo sapiens	GTRD	No
Q9ULK2	222255	ATXN7L1	chromatin immunoprecipitation assay	27924024	Homo sapiens	GTRD	No
P55064	362	AQP5	chromatin immunoprecipitation assay	27924024	Homo sapiens	GTRD	No
O75443	7007	TECTA	chromatin immunoprecipitation assay	27924024	Homo sapiens	GTRD	No
Q6PF15	283212	KLHL35	chromatin immunoprecipitation assay	27924024	Homo sapiens	GTRD	No
Q9NY30	54766	BTG4	chromatin immunoprecipitation assay	27924024	Homo sapiens	GTRD	No
Q9UJH8	79006	METRN	chromatin immunoprecipitation assay	27924024	Homo sapiens	GTRD	No
O60479	1747	DLX3	chromatin immunoprecipitation assay	27924024	Homo sapiens	GTRD	No
Q3SXZ7	164395	TTLL9	chromatin immunoprecipitation assay	27924024	Homo sapiens	GTRD	No
A0A0A0MTA5	NA	IGHJ3	chromatin immunoprecipitation assay	27924024	Homo sapiens	GTRD	No
Q9P121	50863	NTM	chromatin immunoprecipitation assay	27924024	Homo sapiens	GTRD	No
P62079	10098	TSPAN5	chromatin immunoprecipitation assay	27924024	Homo sapiens	GTRD	No
Q9UQL6	10014	HDAC5	chromatin immunoprecipitation assay	27924024	Homo sapiens	GTRD	No
Q96P47	116988	AGAP3	chromatin immunoprecipitation assay	27924024	Homo sapiens	GTRD	No
Q8WXD5	79833	GEMIN6	chromatin immunoprecipitation assay	27924024	Homo sapiens	GTRD	No
Q9UJK0	115939	TSR3	chromatin immunoprecipitation assay	27924024	Homo sapiens	GTRD	No
P07339	1509	CTSD	chromatin immunoprecipitation assay	27924024	Homo sapiens	GTRD	No
Q3ZCQ3	400451	FAM174B	chromatin immunoprecipitation assay	27924024	Homo sapiens	GTRD	No
Q5TGY1	255104	TMCO4	chromatin immunoprecipitation assay	27924024	Homo sapiens	GTRD	No
P17861	7494	XBP1	chromatin immunoprecipitation assay	27924024	Homo sapiens	GTRD	No
P11801	5681	PSKH1	chromatin immunoprecipitation assay	27924024	Homo sapiens	GTRD	No
P41161	2119	ETV5	chromatin immunoprecipitation assay	27924024	Homo sapiens	GTRD	No
P17022	7566	ZNF18	chromatin immunoprecipitation assay	27924024	Homo sapiens	GTRD	No
Q9H1Y3	23596	OPN3	chromatin immunoprecipitation assay	27924024	Homo sapiens	GTRD	No
Q9Y653	9289	ADGRG1	chromatin immunoprecipitation assay	27924024	Homo sapiens	GTRD	No
Q9BQ24	79038	ZFYVE21	chromatin immunoprecipitation assay	27924024	Homo sapiens	GTRD	No
Q9BQR3	83886	PRSS27	chromatin immunoprecipitation assay	27924024	Homo sapiens	GTRD	No
Q8WXS8	140766	ADAMTS14	chromatin immunoprecipitation assay	27924024	Homo sapiens	GTRD	No
Q8WX39	392399	LCN9	chromatin immunoprecipitation assay	27924024	Homo sapiens	GTRD	No
Q9BSA9	84286	TMEM175	chromatin immunoprecipitation assay	27924024	Homo sapiens	GTRD	No
Q9Y4R8	9894	TELO2	chromatin immunoprecipitation assay	27924024	Homo sapiens	GTRD	No
Q96S59	10048	RANBP9	chromatin immunoprecipitation assay	27924024	Homo sapiens	GTRD	No
Q96MT3	144165	PRICKLE1	chromatin immunoprecipitation assay	27924024	Homo sapiens	GTRD	No
Q9BV38	57418	WDR18	chromatin immunoprecipitation assay	27924024	Homo sapiens	GTRD	No
Q8WW38	23414	ZFPM2	chromatin immunoprecipitation assay	27924024	Homo sapiens	GTRD	No
Q9NWB1	54715	RBFOX1	chromatin immunoprecipitation assay	27924024	Homo sapiens	GTRD	No
Q9NYQ6	9620	CELSR1	chromatin immunoprecipitation assay	27924024	Homo sapiens	GTRD	No
P55789	2671	GFER	chromatin immunoprecipitation assay	27924024	Homo sapiens	GTRD	No
Q14694	9100	USP10	chromatin immunoprecipitation assay	27924024	Homo sapiens	GTRD	No
P82987	57188	ADAMTSL3	chromatin immunoprecipitation assay	27924024	Homo sapiens	GTRD	No
Q9UKI8	9874	TLK1	chromatin immunoprecipitation assay	27924024	Homo sapiens	GTRD	No
Q9Y6D6	10565	ARFGEF1	chromatin immunoprecipitation assay	27924024	Homo sapiens	GTRD	No
Q9Y227	9583	ENTPD4	chromatin immunoprecipitation assay	27924024	Homo sapiens	GTRD	No
Q9ULL1	57480	PLEKHG1	chromatin immunoprecipitation assay	27924024	Homo sapiens	GTRD	No
P25713	4504	MT3	chromatin immunoprecipitation assay	27924024	Homo sapiens	GTRD	No
P55073	1735	DIO3	chromatin immunoprecipitation assay	27924024	Homo sapiens	GTRD	No
Q96BM9	127829	ARL8A	chromatin immunoprecipitation assay	27924024	Homo sapiens	GTRD	No
Q86T96	285671	RNF180	chromatin immunoprecipitation assay	27924024	Homo sapiens	GTRD	No
Q9NW15	55129	ANO10	chromatin immunoprecipitation assay	27924024	Homo sapiens	GTRD	No
P20309	1131	CHRM3	chromatin immunoprecipitation assay	27924024	Homo sapiens	GTRD	No
P54707	479	ATP12A	chromatin immunoprecipitation assay	27924024	Homo sapiens	GTRD	No
Q9UKL0	23186	RCOR1	chromatin immunoprecipitation assay	27924024	Homo sapiens	GTRD	No
Q96PU5	23327	NEDD4L	chromatin immunoprecipitation assay	27924024	Homo sapiens	GTRD	No
Q96P56	117155	CATSPER2	chromatin immunoprecipitation assay	27924024	Homo sapiens	GTRD	No
P53567	1054	CEBPG	chromatin immunoprecipitation assay	27924024	Homo sapiens	GTRD	No
Q9H3Z4	80331	DNAJC5	chromatin immunoprecipitation assay	27924024	Homo sapiens	GTRD	No
Q6ZU35	57482	CRACD	chromatin immunoprecipitation assay	27924024	Homo sapiens	GTRD	No
H3BSR4	NA	UBE2F-SCLY	chromatin immunoprecipitation assay	27924024	Homo sapiens	GTRD	No
Q14D04	79674	VEPH1	chromatin immunoprecipitation assay	27924024	Homo sapiens	GTRD	No
Q3MIP1	162073	ITPRIPL2	chromatin immunoprecipitation assay	27924024	Homo sapiens	GTRD	No
Q07890	6655	SOS2	chromatin immunoprecipitation assay	27924024	Homo sapiens	GTRD	No
Q9NUQ2	55326	AGPAT5	chromatin immunoprecipitation assay	27924024	Homo sapiens	GTRD	No
Q9HD40	51091	SEPSECS	chromatin immunoprecipitation assay	27924024	Homo sapiens	GTRD	No
Q07666	10657	KHDRBS1	chromatin immunoprecipitation assay	27924024	Homo sapiens	GTRD	No
Q8NBI6	152002	XXYLT1	chromatin immunoprecipitation assay	27924024	Homo sapiens	GTRD	No
P78504	182	JAG1	chromatin immunoprecipitation assay	27924024	Homo sapiens	GTRD	No
Q9BWT7	29775	CARD10	chromatin immunoprecipitation assay	27924024	Homo sapiens	GTRD	No
P30405	10105	PPIF	chromatin immunoprecipitation assay	27924024	Homo sapiens	GTRD	No
A0PJE2	79758	DHRS12	chromatin immunoprecipitation assay	27924024	Homo sapiens	GTRD	No
Q8N2A8	201164	PLD6	chromatin immunoprecipitation assay	27924024	Homo sapiens	GTRD	No
Q9P218	57642	COL20A1	chromatin immunoprecipitation assay	27924024	Homo sapiens	GTRD	No
Q9Y561	29967	LRP12	chromatin immunoprecipitation assay	27924024	Homo sapiens	GTRD	No
O95622	111	ADCY5	chromatin immunoprecipitation assay	27924024	Homo sapiens	GTRD	No
Q9ULJ8	55607	PPP1R9A	chromatin immunoprecipitation assay	27924024	Homo sapiens	GTRD	No
Q5TGI4	389432	SAMD5	chromatin immunoprecipitation assay	27924024	Homo sapiens	GTRD	No
Q8IWF6	201627	DENND6A	chromatin immunoprecipitation assay	27924024	Homo sapiens	GTRD	No
P53778	6300	MAPK12	chromatin immunoprecipitation assay	27924024	Homo sapiens	GTRD	No
P30203	923	CD6	chromatin immunoprecipitation assay	27924024	Homo sapiens	GTRD	No
Q9Y236	734	OSGIN2	chromatin immunoprecipitation assay	27924024	Homo sapiens	GTRD	No
Q8N436	119587	CPXM2	chromatin immunoprecipitation assay	27924024	Homo sapiens	GTRD	No
Q9ULM0	57475	PLEKHH1	chromatin immunoprecipitation assay	27924024	Homo sapiens	GTRD	No
P53677	10947	AP3M2	chromatin immunoprecipitation assay	27924024	Homo sapiens	GTRD	No
Q8N335	23171	GPD1L	chromatin immunoprecipitation assay	27924024	Homo sapiens	GTRD	No
P48357	3953	LEPR	chromatin immunoprecipitation assay	27924024	Homo sapiens	GTRD	No
Q96PV4	114824	PNMA5	chromatin immunoprecipitation assay	27924024	Homo sapiens	GTRD	No
Q5BKX6	57210	SLC45A4	chromatin immunoprecipitation assay	27924024	Homo sapiens	GTRD	No
Q9NZD2	51228	GLTP	chromatin immunoprecipitation assay	27924024	Homo sapiens	GTRD	No
Q9UIJ5	51201	ZDHHC2	chromatin immunoprecipitation assay	27924024	Homo sapiens	GTRD	No
Q9UPN3	23499	MACF1	chromatin immunoprecipitation assay	27924024	Homo sapiens	GTRD	No
Q9NXA8	23408	SIRT5	chromatin immunoprecipitation assay	27924024	Homo sapiens	GTRD	No
Q9Y2B9	11142	PKIG	chromatin immunoprecipitation assay	27924024	Homo sapiens	GTRD	No
Q01101	3642	INSM1	chromatin immunoprecipitation assay	27924024	Homo sapiens	GTRD	No
Q8TD30	84706	GPT2	chromatin immunoprecipitation assay	27924024	Homo sapiens	GTRD	No
Q9BXU7	83844	USP26	chromatin immunoprecipitation assay	27924024	Homo sapiens	GTRD	No
P20340	5870	RAB6A	chromatin immunoprecipitation assay	27924024	Homo sapiens	GTRD	No
Q9BTC8	57504	MTA3	chromatin immunoprecipitation assay	27924024	Homo sapiens	GTRD	No
Q9H089	55341	LSG1	chromatin immunoprecipitation assay	27924024	Homo sapiens	GTRD	No
Q8NBJ5	79709	COLGALT1	chromatin immunoprecipitation assay	27924024	Homo sapiens	GTRD	No
Q05655	5580	PRKCD	chromatin immunoprecipitation assay	27924024	Homo sapiens	GTRD	No
A0A1B0GVN3	NA	C2orf92	chromatin immunoprecipitation assay	27924024	Homo sapiens	GTRD	No
Q5THJ4	55187	VPS13D	chromatin immunoprecipitation assay	27924024	Homo sapiens	GTRD	No
Q96HA9	92960	PEX11G	chromatin immunoprecipitation assay	27924024	Homo sapiens	GTRD	No
Q96MV1	148534	TLCD4	chromatin immunoprecipitation assay	27924024	Homo sapiens	GTRD	No
Q9BTF0	80745	THUMPD2	chromatin immunoprecipitation assay	27924024	Homo sapiens	GTRD	No
Q9P2R6	473	RERE	chromatin immunoprecipitation assay	27924024	Homo sapiens	GTRD	No
Q9P227	57636	ARHGAP23	chromatin immunoprecipitation assay	27924024	Homo sapiens	GTRD	No
Q7Z5R6	54518	APBB1IP	chromatin immunoprecipitation assay	27924024	Homo sapiens	GTRD	No
Q7L5D6	51608	GET4	chromatin immunoprecipitation assay	27924024	Homo sapiens	GTRD	No
Q9UHY7	58478	ENOPH1	chromatin immunoprecipitation assay	27924024	Homo sapiens	GTRD	No
O43193	2862	MLNR	chromatin immunoprecipitation assay	27924024	Homo sapiens	GTRD	No
Q5TC84	79627	OGFRL1	chromatin immunoprecipitation assay	27924024	Homo sapiens	GTRD	No
Q4G0M1	151176	ERFE	chromatin immunoprecipitation assay	27924024	Homo sapiens	GTRD	No
Q15628	8717	TRADD	chromatin immunoprecipitation assay	27924024	Homo sapiens	GTRD	No
O15014	23060	ZNF609	chromatin immunoprecipitation assay	27924024	Homo sapiens	GTRD	No
P10253	2548	GAA	chromatin immunoprecipitation assay	27924024	Homo sapiens	GTRD	No
P80370	8788	DLK1	chromatin immunoprecipitation assay	27924024	Homo sapiens	GTRD	No
P24468	7026	NR2F2	chromatin immunoprecipitation assay	27924024	Homo sapiens	GTRD	No
Q9Y2T4	5522	PPP2R2C	chromatin immunoprecipitation assay	27924024	Homo sapiens	GTRD	No
P54826	2619	GAS1	chromatin immunoprecipitation assay	27924024	Homo sapiens	GTRD	No
Q13507	7222	TRPC3	chromatin immunoprecipitation assay	27924024	Homo sapiens	GTRD	No
Q9H2Y9	81796	SLCO5A1	chromatin immunoprecipitation assay	27924024	Homo sapiens	GTRD	No
Q8TD17	57541	ZNF398	chromatin immunoprecipitation assay	27924024	Homo sapiens	GTRD	No
P61964	11091	WDR5	chromatin immunoprecipitation assay	27924024	Homo sapiens	GTRD	No
Q01826	6304	SATB1	chromatin immunoprecipitation assay	27924024	Homo sapiens	GTRD	No
Q9BYV7	83875	BCO2	chromatin immunoprecipitation assay	27924024	Homo sapiens	GTRD	No
Q8WTU2	136853	SSC4D	chromatin immunoprecipitation assay	27924024	Homo sapiens	GTRD	No
O15427	9123	SLC16A3	chromatin immunoprecipitation assay	27924024	Homo sapiens	GTRD	No
Q9UIK4	23604	DAPK2	chromatin immunoprecipitation assay	27924024	Homo sapiens	GTRD	No
Q969K7	113452	TMEM54	chromatin immunoprecipitation assay	27924024	Homo sapiens	GTRD	No
Q9UKZ9	26577	PCOLCE2	chromatin immunoprecipitation assay	27924024	Homo sapiens	GTRD	No
Q9Y6U7	200312	RNF215	chromatin immunoprecipitation assay	27924024	Homo sapiens	GTRD	No
Q99758	21	ABCA3	chromatin immunoprecipitation assay	27924024	Homo sapiens	GTRD	No
Q6UWI2	25849	PARM1	chromatin immunoprecipitation assay	27924024	Homo sapiens	GTRD	No
O95104	57466	SCAF4	chromatin immunoprecipitation assay	27924024	Homo sapiens	GTRD	No
P00390	2936	GSR	chromatin immunoprecipitation assay	27924024	Homo sapiens	GTRD	No
Q8N4C8	50488	MINK1	chromatin immunoprecipitation assay	27924024	Homo sapiens	GTRD	No
Q8WWG1	145957	NRG4	chromatin immunoprecipitation assay	27924024	Homo sapiens	GTRD	No
Q5VX52	100505741	SPATA1	chromatin immunoprecipitation assay	27924024	Homo sapiens	GTRD	No
Q5VXU1	154215	NKAIN2	chromatin immunoprecipitation assay	27924024	Homo sapiens	GTRD	No
Q53RD9	129804	FBLN7	chromatin immunoprecipitation assay	27924024	Homo sapiens	GTRD	No
Q9H098	83641	FAM107B	chromatin immunoprecipitation assay	27924024	Homo sapiens	GTRD	No
Q8N3C7	79745	CLIP4	chromatin immunoprecipitation assay	27924024	Homo sapiens	GTRD	No
O75558	8676	STX11	chromatin immunoprecipitation assay	27924024	Homo sapiens	GTRD	No
Q9P2S5	49856	WRAP73	chromatin immunoprecipitation assay	27924024	Homo sapiens	GTRD	No
P49840	2931	GSK3A	chromatin immunoprecipitation assay	27924024	Homo sapiens	GTRD	No
Q8NBZ7	80146	UXS1	chromatin immunoprecipitation assay	27924024	Homo sapiens	GTRD	No
Q15637	7536	SF1	chromatin immunoprecipitation assay	27924024	Homo sapiens	GTRD	No
P36896	91	ACVR1B	chromatin immunoprecipitation assay	27924024	Homo sapiens	GTRD	No
Q96D31	84876	ORAI1	chromatin immunoprecipitation assay	27924024	Homo sapiens	GTRD	No
O75356	957	ENTPD5	chromatin immunoprecipitation assay	27924024	Homo sapiens	GTRD	No
P32856	2054	STX2	chromatin immunoprecipitation assay	27924024	Homo sapiens	GTRD	No
P32241	7433	VIPR1	chromatin immunoprecipitation assay	27924024	Homo sapiens	GTRD	No
Q92769	3066	HDAC2	chromatin immunoprecipitation assay	27924024	Homo sapiens	GTRD	No
Q07157	7082	TJP1	chromatin immunoprecipitation assay	27924024	Homo sapiens	GTRD	No
Q53HC0	80212	CCDC92	chromatin immunoprecipitation assay	27924024	Homo sapiens	GTRD	No
Q8IUH2	200407	CREG2	chromatin immunoprecipitation assay	27924024	Homo sapiens	GTRD	No
Q9UQ03	10391	CORO2B	chromatin immunoprecipitation assay	27924024	Homo sapiens	GTRD	No
Q9BRS8	55323	LARP6	chromatin immunoprecipitation assay	27924024	Homo sapiens	GTRD	No
Q9HD45	56889	TM9SF3	chromatin immunoprecipitation assay	27924024	Homo sapiens	GTRD	No
Q6DKJ4	64359	NXN	chromatin immunoprecipitation assay	27924024	Homo sapiens	GTRD	No
Q92791	10609	P3H4	chromatin immunoprecipitation assay	27924024	Homo sapiens	GTRD	No
Q7RTY7	NA	OVCH1	chromatin immunoprecipitation assay	27924024	Homo sapiens	GTRD	No
Q86UK7	90850	ZNF598	chromatin immunoprecipitation assay	27924024	Homo sapiens	GTRD	No
Q9BR61	84320	ACBD6	chromatin immunoprecipitation assay	27924024	Homo sapiens	GTRD	No
Q15334	3996	LLGL1	chromatin immunoprecipitation assay	27924024	Homo sapiens	GTRD	No
Q0P6H9	80021	TMEM62	chromatin immunoprecipitation assay	27924024	Homo sapiens	GTRD	No
Q14194	1400	CRMP1	chromatin immunoprecipitation assay	27924024	Homo sapiens	GTRD	No
Q9BTE6	100885850,80755	AARSD1	chromatin immunoprecipitation assay	27924024	Homo sapiens	GTRD	No
Q9NQB0	6934	TCF7L2	chromatin immunoprecipitation assay	27924024	Homo sapiens	GTRD	No
Q9BWW4	23648	SSBP3	chromatin immunoprecipitation assay	27924024	Homo sapiens	GTRD	No
P35612	119	ADD2	chromatin immunoprecipitation assay	27924024	Homo sapiens	GTRD	No
Q13951	865	CBFB	chromatin immunoprecipitation assay	27924024	Homo sapiens	GTRD	No
Q13112	8208	CHAF1B	chromatin immunoprecipitation assay	27924024	Homo sapiens	GTRD	No
Q9H9P2	140578	CHODL	chromatin immunoprecipitation assay	27924024	Homo sapiens	GTRD	No
O95425	6840	SVIL	chromatin immunoprecipitation assay	27924024	Homo sapiens	GTRD	No
Q92879	10658	CELF1	chromatin immunoprecipitation assay	27924024	Homo sapiens	GTRD	No
Q9NWR8	55013	MCUB	chromatin immunoprecipitation assay	27924024	Homo sapiens	GTRD	No
A2RUH7	343263	MYBPHL	chromatin immunoprecipitation assay	27924024	Homo sapiens	GTRD	No
O75365	11156	PTP4A3	chromatin immunoprecipitation assay	27924024	Homo sapiens	GTRD	No
P52824	1609	DGKQ	chromatin immunoprecipitation assay	27924024	Homo sapiens	GTRD	No
Q96BQ5	133957	CCDC127	chromatin immunoprecipitation assay	27924024	Homo sapiens	GTRD	No
Q9NVR7	55171	TBCCD1	chromatin immunoprecipitation assay	27924024	Homo sapiens	GTRD	No
Q9UJM3	54206	ERRFI1	chromatin immunoprecipitation assay	27924024	Homo sapiens	GTRD	No
P59923	353274	ZNF445	chromatin immunoprecipitation assay	27924024	Homo sapiens	GTRD	No
P24385	595	CCND1	chromatin immunoprecipitation assay	27924024	Homo sapiens	GTRD	No
Q9Y3E7	100526767,51652	CHMP3	chromatin immunoprecipitation assay	27924024	Homo sapiens	GTRD	No
P56539	859	CAV3	chromatin immunoprecipitation assay	27924024	Homo sapiens	GTRD	No
P61758	7411	VBP1	chromatin immunoprecipitation assay	27924024	Homo sapiens	GTRD	No
O15344	4281	MID1	chromatin immunoprecipitation assay	27924024	Homo sapiens	GTRD	No
P48059	3987	LIMS1	chromatin immunoprecipitation assay	27924024	Homo sapiens	GTRD	No
Q8TDB8	144195	SLC2A14	chromatin immunoprecipitation assay	27924024	Homo sapiens	GTRD	No
Q6UXZ4	137970	UNC5D	chromatin immunoprecipitation assay	27924024	Homo sapiens	GTRD	No
P55197	8028	MLLT10	chromatin immunoprecipitation assay	27924024	Homo sapiens	GTRD	No
Q9Y6F9	7475	WNT6	chromatin immunoprecipitation assay	27924024	Homo sapiens	GTRD	No
Q9NRR3	56990	CDC42SE2	chromatin immunoprecipitation assay	27924024	Homo sapiens	GTRD	No
Q6ZMB5	202915	TMEM184A	chromatin immunoprecipitation assay	27924024	Homo sapiens	GTRD	No
Q8TF46	115752	DIS3L	chromatin immunoprecipitation assay	27924024	Homo sapiens	GTRD	No
O00178	9567	GTPBP1	chromatin immunoprecipitation assay	27924024	Homo sapiens	GTRD	No
Q9H0J9	64761	PARP12	chromatin immunoprecipitation assay	27924024	Homo sapiens	GTRD	No
Q15040	9929	JOSD1	chromatin immunoprecipitation assay	27924024	Homo sapiens	GTRD	No
Q13635	5727	PTCH1	chromatin immunoprecipitation assay	27924024	Homo sapiens	GTRD	No
Q9Y272	51655	RASD1	chromatin immunoprecipitation assay	27924024	Homo sapiens	GTRD	No
Q8IVJ1	254428	SLC41A1	chromatin immunoprecipitation assay	27924024	Homo sapiens	GTRD	No
P51693	333	APLP1	chromatin immunoprecipitation assay	27924024	Homo sapiens	GTRD	No
B2RTY4	4649	MYO9A	chromatin immunoprecipitation assay	27924024	Homo sapiens	GTRD	No
Q15554	7014	TERF2	chromatin immunoprecipitation assay	27924024	Homo sapiens	GTRD	No
Q03135	857	CAV1	chromatin immunoprecipitation assay	27924024	Homo sapiens	GTRD	No
P24394	3566	IL4R	chromatin immunoprecipitation assay	27924024	Homo sapiens	GTRD	No
Q9UQR0	10389	SCML2	chromatin immunoprecipitation assay	27924024	Homo sapiens	GTRD	No
O95232	51747	LUC7L3	chromatin immunoprecipitation assay	27924024	Homo sapiens	GTRD	No
Q6ZMQ8	9625	AATK	chromatin immunoprecipitation assay	27924024	Homo sapiens	GTRD	No
Q9NUS5	55317	AP5S1	chromatin immunoprecipitation assay	27924024	Homo sapiens	GTRD	No
Q96N77	121274	ZNF641	chromatin immunoprecipitation assay	27924024	Homo sapiens	GTRD	No
Q9Y6X4	26049	FAM169A	chromatin immunoprecipitation assay	27924024	Homo sapiens	GTRD	No
Q96JE7	89866	SEC16B	chromatin immunoprecipitation assay	27924024	Homo sapiens	GTRD	No
Q9NXE4	55627	SMPD4	chromatin immunoprecipitation assay	27924024	Homo sapiens	GTRD	No
Q8NCN2	403341	ZBTB34	chromatin immunoprecipitation assay	27924024	Homo sapiens	GTRD	No
Q4W5P6	132332	TMEM155	chromatin immunoprecipitation assay	27924024	Homo sapiens	GTRD	No
Q92585	9794	MAML1	chromatin immunoprecipitation assay	27924024	Homo sapiens	GTRD	No
Q6ICC9	84247	RTL6	chromatin immunoprecipitation assay	27924024	Homo sapiens	GTRD	No
P29372	4350	MPG	chromatin immunoprecipitation assay	27924024	Homo sapiens	GTRD	No
Q13332	5802	PTPRS	chromatin immunoprecipitation assay	27924024	Homo sapiens	GTRD	No
Q9Y5X3	27131	SNX5	chromatin immunoprecipitation assay	27924024	Homo sapiens	GTRD	No
Q8WX93	23022	PALLD	chromatin immunoprecipitation assay	27924024	Homo sapiens	GTRD	No
Q96LW4	201973	PRIMPOL	chromatin immunoprecipitation assay	27924024	Homo sapiens	GTRD	No
Q9BYH8	64332	NFKBIZ	chromatin immunoprecipitation assay	27924024	Homo sapiens	GTRD	No
Q9NZ72	50861	STMN3	chromatin immunoprecipitation assay	27924024	Homo sapiens	GTRD	No
Q99583	4335	MNT	chromatin immunoprecipitation assay	27924024	Homo sapiens	GTRD	No
Q8IXK2	79695	GALNT12	chromatin immunoprecipitation assay	27924024	Homo sapiens	GTRD	No
Q96BD0	28231	SLCO4A1	chromatin immunoprecipitation assay	27924024	Homo sapiens	GTRD	No
O95544	65220	NADK	chromatin immunoprecipitation assay	27924024	Homo sapiens	GTRD	No
Q9BUV8	55969	RAB5IF	chromatin immunoprecipitation assay	27924024	Homo sapiens	GTRD	No
Q6YBV0	120103	SLC36A4	chromatin immunoprecipitation assay	27924024	Homo sapiens	GTRD	No
Q9NR33	56655	POLE4	chromatin immunoprecipitation assay	27924024	Homo sapiens	GTRD	No
Q8IVH8	8491	MAP4K3	chromatin immunoprecipitation assay	27924024	Homo sapiens	GTRD	No
Q53EQ6	84948	TIGD5	chromatin immunoprecipitation assay	27924024	Homo sapiens	GTRD	No
Q7Z7E8	55585	UBE2Q1	chromatin immunoprecipitation assay	27924024	Homo sapiens	GTRD	No
Q5GH76	114786	XKR4	chromatin immunoprecipitation assay	27924024	Homo sapiens	GTRD	No
A1A4S6	79658	ARHGAP10	chromatin immunoprecipitation assay	27924024	Homo sapiens	GTRD	No
P52943	1397	CRIP2	chromatin immunoprecipitation assay	27924024	Homo sapiens	GTRD	No
Q6XZF7	23268	DNMBP	chromatin immunoprecipitation assay	27924024	Homo sapiens	GTRD	No
Q7RTM1	133060	OTOP1	chromatin immunoprecipitation assay	27924024	Homo sapiens	GTRD	No
Q9BQG1	84258	SYT3	chromatin immunoprecipitation assay	27924024	Homo sapiens	GTRD	No
Q9Y281	1073	CFL2	chromatin immunoprecipitation assay	27924024	Homo sapiens	GTRD	No
Q9Y2X0	10025	MED16	chromatin immunoprecipitation assay	27924024	Homo sapiens	GTRD	No
Q9BSV6	79042	TSEN34	chromatin immunoprecipitation assay	27924024	Homo sapiens	GTRD	No
Q9Y4G6	83660	TLN2	chromatin immunoprecipitation assay	27924024	Homo sapiens	GTRD	No
Q6ZSG1	494470	RNF165	chromatin immunoprecipitation assay	27924024	Homo sapiens	GTRD	No
Q86X10	57148	RALGAPB	chromatin immunoprecipitation assay	27924024	Homo sapiens	GTRD	No
P49419	501	ALDH7A1	chromatin immunoprecipitation assay	27924024	Homo sapiens	GTRD	No
Q6ZU67	389206	BEND4	chromatin immunoprecipitation assay	27924024	Homo sapiens	GTRD	No
Q6PJ69	201292	TRIM65	chromatin immunoprecipitation assay	27924024	Homo sapiens	GTRD	No
I3L0A0	NA	TMEM189-UBE2V1	chromatin immunoprecipitation assay	27924024	Homo sapiens	GTRD	No
Q7L576	23191	CYFIP1	chromatin immunoprecipitation assay	27924024	Homo sapiens	GTRD	No
Q9UBK2	10891	PPARGC1A	chromatin immunoprecipitation assay	27924024	Homo sapiens	GTRD	No
P15882	1123	CHN1	chromatin immunoprecipitation assay	27924024	Homo sapiens	GTRD	No
P40937	5985	RFC5	chromatin immunoprecipitation assay	27924024	Homo sapiens	GTRD	No
P85037	221937	FOXK1	chromatin immunoprecipitation assay	27924024	Homo sapiens	GTRD	No
Q96CB8	57117	INTS12	chromatin immunoprecipitation assay	27924024	Homo sapiens	GTRD	No
Q6AI12	91369	ANKRD40	chromatin immunoprecipitation assay	27924024	Homo sapiens	GTRD	No
P49441	3628	INPP1	chromatin immunoprecipitation assay	27924024	Homo sapiens	GTRD	No
A5LHX3	122706	PSMB11	chromatin immunoprecipitation assay	27924024	Homo sapiens	GTRD	No
O00499	274	BIN1	chromatin immunoprecipitation assay	27924024	Homo sapiens	GTRD	No
Q9BQ65	79650	USB1	chromatin immunoprecipitation assay	27924024	Homo sapiens	GTRD	No
Q9Y2G4	22881	ANKRD6	chromatin immunoprecipitation assay	27924024	Homo sapiens	GTRD	No
Q8N6V9	374618	TEX9	chromatin immunoprecipitation assay	27924024	Homo sapiens	GTRD	No
Q9UNP4	8869	ST3GAL5	chromatin immunoprecipitation assay	27924024	Homo sapiens	GTRD	No
P27361	5595	MAPK3	chromatin immunoprecipitation assay	27924024	Homo sapiens	GTRD	No
Q9Y5Y2	10101	NUBP2	chromatin immunoprecipitation assay	27924024	Homo sapiens	GTRD	No
Q9HA47	83549	UCK1	chromatin immunoprecipitation assay	27924024	Homo sapiens	GTRD	No
Q8N9H8	54932	EXD3	chromatin immunoprecipitation assay	27924024	Homo sapiens	GTRD	No
Q9UQB3	1501	CTNND2	chromatin immunoprecipitation assay	27924024	Homo sapiens	GTRD	No
P49116	7182	NR2C2	chromatin immunoprecipitation assay	27924024	Homo sapiens	GTRD	No
P62714	5516	PPP2CB	chromatin immunoprecipitation assay	27924024	Homo sapiens	GTRD	No
P78334	2564	GABRE	chromatin immunoprecipitation assay	27924024	Homo sapiens	GTRD	No
Q6W2J9	54880	BCOR	chromatin immunoprecipitation assay	27924024	Homo sapiens	GTRD	No
O15037	23351	KHNYN	chromatin immunoprecipitation assay	27924024	Homo sapiens	GTRD	No
Q9UKM9	22913	RALY	chromatin immunoprecipitation assay	27924024	Homo sapiens	GTRD	No
Q8TCD5	30833	NT5C	chromatin immunoprecipitation assay	27924024	Homo sapiens	GTRD	No
Q9P272	57604	TRMT9B	chromatin immunoprecipitation assay	27924024	Homo sapiens	GTRD	No
Q9UL03	26512	INTS6	chromatin immunoprecipitation assay	27924024	Homo sapiens	GTRD	No
Q96K83	25925	ZNF521	chromatin immunoprecipitation assay	27924024	Homo sapiens	GTRD	No
P51689	414	ARSD	chromatin immunoprecipitation assay	27924024	Homo sapiens	GTRD	No
Q8TF64	126326	GIPC3	chromatin immunoprecipitation assay	27924024	Homo sapiens	GTRD	No
Q96MG8	115294	PCMTD1	chromatin immunoprecipitation assay	27924024	Homo sapiens	GTRD	No
O95452	10804	GJB6	chromatin immunoprecipitation assay	27924024	Homo sapiens	GTRD	No
Q9H706	64762	GAREM1	chromatin immunoprecipitation assay	27924024	Homo sapiens	GTRD	No
Q96AQ9	348487	FAM131C	chromatin immunoprecipitation assay	27924024	Homo sapiens	GTRD	No
P06733	2023	ENO1	chromatin immunoprecipitation assay	27924024	Homo sapiens	GTRD	No
Q15572	9013	TAF1C	chromatin immunoprecipitation assay	27924024	Homo sapiens	GTRD	No
Q9P2F5	56977	STOX2	chromatin immunoprecipitation assay	27924024	Homo sapiens	GTRD	No
P50607	7275	TUB	chromatin immunoprecipitation assay	27924024	Homo sapiens	GTRD	No
Q9BVI4	79050	NOC4L	chromatin immunoprecipitation assay	27924024	Homo sapiens	GTRD	No
P10588	2063	NR2F6	chromatin immunoprecipitation assay	27924024	Homo sapiens	GTRD	No
P49327	2194	FASN	chromatin immunoprecipitation assay	27924024	Homo sapiens	GTRD	No
P18827	6382	SDC1	chromatin immunoprecipitation assay	27924024	Homo sapiens	GTRD	No
O75190	10049	DNAJB6	chromatin immunoprecipitation assay	27924024	Homo sapiens	GTRD	No
Q03052	5453	POU3F1	chromatin immunoprecipitation assay	27924024	Homo sapiens	GTRD	No
Q9BQW3	57593	EBF4	chromatin immunoprecipitation assay	27924024	Homo sapiens	GTRD	No
P35626	157	GRK3	chromatin immunoprecipitation assay	27924024	Homo sapiens	GTRD	No
Q15370	6923	ELOB	chromatin immunoprecipitation assay	27924024	Homo sapiens	GTRD	No
Q05586	2902	GRIN1	chromatin immunoprecipitation assay	27924024	Homo sapiens	GTRD	No
Q5SXM2	6621	SNAPC4	chromatin immunoprecipitation assay	27924024	Homo sapiens	GTRD	No
Q5T2D3	23252	OTUD3	chromatin immunoprecipitation assay	27924024	Homo sapiens	GTRD	No
O95562	375035	SFT2D2	chromatin immunoprecipitation assay	27924024	Homo sapiens	GTRD	No
Q9Y277	7419	VDAC3	chromatin immunoprecipitation assay	27924024	Homo sapiens	GTRD	No
O14904	7483	WNT9A	chromatin immunoprecipitation assay	27924024	Homo sapiens	GTRD	No
O95237	9227	LRAT	chromatin immunoprecipitation assay	27924024	Homo sapiens	GTRD	No
Q9UQ26	9699	RIMS2	chromatin immunoprecipitation assay	27924024	Homo sapiens	GTRD	No
P42338	5291	PIK3CB	chromatin immunoprecipitation assay	27924024	Homo sapiens	GTRD	No
P35222	1499	CTNNB1	chromatin immunoprecipitation assay	27924024	Homo sapiens	GTRD	No
Q8N6I4	26175	TMEM251	chromatin immunoprecipitation assay	27924024	Homo sapiens	GTRD	No
O75177	26039	SS18L1	chromatin immunoprecipitation assay	27924024	Homo sapiens	GTRD	No
Q8TCT7	56928	SPPL2B	chromatin immunoprecipitation assay	27924024	Homo sapiens	GTRD	No
Q04917	7533	YWHAH	chromatin immunoprecipitation assay	27924024	Homo sapiens	GTRD	No
Q5M775	92521	SPECC1	chromatin immunoprecipitation assay	27924024	Homo sapiens	GTRD	No
Q5SSJ5	50809	HP1BP3	chromatin immunoprecipitation assay	27924024	Homo sapiens	GTRD	No
Q8TDW0	84230	LRRC8C	chromatin immunoprecipitation assay	27924024	Homo sapiens	GTRD	No
Q3ZCW2	29094	LGALSL	chromatin immunoprecipitation assay	27924024	Homo sapiens	GTRD	No
P30556	185	AGTR1	chromatin immunoprecipitation assay	27924024	Homo sapiens	GTRD	No
Q99689	9638	FEZ1	chromatin immunoprecipitation assay	27924024	Homo sapiens	GTRD	No
A6NGG8	388939	PCARE	chromatin immunoprecipitation assay	27924024	Homo sapiens	GTRD	No
Q8N3F9	283554	GPR137C	chromatin immunoprecipitation assay	27924024	Homo sapiens	GTRD	No
Q9NS39	105	ADARB2	chromatin immunoprecipitation assay	27924024	Homo sapiens	GTRD	No
P39060	80781	COL18A1	chromatin immunoprecipitation assay	27924024	Homo sapiens	GTRD	No
Q9Y2I2	22854	NTNG1	chromatin immunoprecipitation assay	27924024	Homo sapiens	GTRD	No
Q9GZZ0	3231	HOXD1	chromatin immunoprecipitation assay	27924024	Homo sapiens	GTRD	No
Q96BD5	51317	PHF21A	chromatin immunoprecipitation assay	27924024	Homo sapiens	GTRD	No
Q8WUJ1	124936	CYB5D2	chromatin immunoprecipitation assay	27924024	Homo sapiens	GTRD	No
P0CG12	NA	DERPC	chromatin immunoprecipitation assay	27924024	Homo sapiens	GTRD	No
O95672	9427	ECEL1	chromatin immunoprecipitation assay	27924024	Homo sapiens	GTRD	No
Q6ZMC9	284266	SIGLEC15	chromatin immunoprecipitation assay	27924024	Homo sapiens	GTRD	No
Q8IWK6	166647	ADGRA3	chromatin immunoprecipitation assay	27924024	Homo sapiens	GTRD	No
Q13873	659	BMPR2	chromatin immunoprecipitation assay	27924024	Homo sapiens	GTRD	No
P62508	2104	ESRRG	chromatin immunoprecipitation assay	27924024	Homo sapiens	GTRD	No
Q15054	10714	POLD3	chromatin immunoprecipitation assay	27924024	Homo sapiens	GTRD	No
O15055	8864	PER2	chromatin immunoprecipitation assay	27924024	Homo sapiens	GTRD	No
Q8TE59	171019	ADAMTS19	chromatin immunoprecipitation assay	27924024	Homo sapiens	GTRD	No
Q8N4X5	84632	AFAP1L2	chromatin immunoprecipitation assay	27924024	Homo sapiens	GTRD	No
Q8TAC9	192683	SCAMP5	chromatin immunoprecipitation assay	27924024	Homo sapiens	GTRD	No
Q96MI6	132160	PPM1M	chromatin immunoprecipitation assay	27924024	Homo sapiens	GTRD	No
Q9H0N5	84105	PCBD2	chromatin immunoprecipitation assay	27924024	Homo sapiens	GTRD	No
P23528	1072	CFL1	chromatin immunoprecipitation assay	27924024	Homo sapiens	GTRD	No
Q9UQ35	23524	SRRM2	chromatin immunoprecipitation assay	27924024	Homo sapiens	GTRD	No
Q13671	9610	RIN1	chromatin immunoprecipitation assay	27924024	Homo sapiens	GTRD	No
Q8WXK3	79754	ASB13	chromatin immunoprecipitation assay	27924024	Homo sapiens	GTRD	No
Q9NZI2	30820	KCNIP1	chromatin immunoprecipitation assay	27924024	Homo sapiens	GTRD	No
Q3V5L5	146664	MGAT5B	chromatin immunoprecipitation assay	27924024	Homo sapiens	GTRD	No
Q8TCU6	57580	PREX1	chromatin immunoprecipitation assay	27924024	Homo sapiens	GTRD	No
Q7Z5H3	58504	ARHGAP22	chromatin immunoprecipitation assay	27924024	Homo sapiens	GTRD	No
P78563	104	ADARB1	chromatin immunoprecipitation assay	27924024	Homo sapiens	GTRD	No
Q9UQB8	10458	BAIAP2	chromatin immunoprecipitation assay	27924024	Homo sapiens	GTRD	No
O60504	10174	SORBS3	chromatin immunoprecipitation assay	27924024	Homo sapiens	GTRD	No
O15266	6473	SHOX	chromatin immunoprecipitation assay	27924024	Homo sapiens	GTRD	No
Q6P2M8	139728	PNCK	chromatin immunoprecipitation assay	27924024	Homo sapiens	GTRD	No
Q8N697	121260	SLC15A4	chromatin immunoprecipitation assay	27924024	Homo sapiens	GTRD	No
Q8IXL6	56975	FAM20C	chromatin immunoprecipitation assay	27924024	Homo sapiens	GTRD	No
A0PJK1	125206	SLC5A10	chromatin immunoprecipitation assay	27924024	Homo sapiens	GTRD	No
Q8WUK0	114971	PTPMT1	chromatin immunoprecipitation assay	27924024	Homo sapiens	GTRD	No
Q9UJA2	54675	CRLS1	chromatin immunoprecipitation assay	27924024	Homo sapiens	GTRD	No
Q99496	6045	RNF2	chromatin immunoprecipitation assay	27924024	Homo sapiens	GTRD	No
Q9H9S4	81617	CAB39L	chromatin immunoprecipitation assay	27924024	Homo sapiens	GTRD	No
Q6ZNG1	162966	ZNF600	chromatin immunoprecipitation assay	27924024	Homo sapiens	GTRD	No
Q8TCG2	55300	PI4K2B	chromatin immunoprecipitation assay	27924024	Homo sapiens	GTRD	No
Q6PEV8	139231	FAM199X	chromatin immunoprecipitation assay	27924024	Homo sapiens	GTRD	No
Q96FF7	113230	MISP3	chromatin immunoprecipitation assay	27924024	Homo sapiens	GTRD	No
P08758	308	ANXA5	chromatin immunoprecipitation assay	27924024	Homo sapiens	GTRD	No
Q9H4A4	6051	RNPEP	chromatin immunoprecipitation assay	27924024	Homo sapiens	GTRD	No
P30038	8659	ALDH4A1	chromatin immunoprecipitation assay	27924024	Homo sapiens	GTRD	No
Q13557	817	CAMK2D	chromatin immunoprecipitation assay	27924024	Homo sapiens	GTRD	No
O43301	259217	HSPA12A	chromatin immunoprecipitation assay	27924024	Homo sapiens	GTRD	No
Q8ND07	80127	BBOF1	chromatin immunoprecipitation assay	27924024	Homo sapiens	GTRD	No
Q9HBI0	64098	PARVG	chromatin immunoprecipitation assay	27924024	Homo sapiens	GTRD	No
Q9UBL6	27132	CPNE7	chromatin immunoprecipitation assay	27924024	Homo sapiens	GTRD	No
P42356	5297	PI4KA	chromatin immunoprecipitation assay	27924024	Homo sapiens	GTRD	No
Q3KP66	55765	INAVA	chromatin immunoprecipitation assay	27924024	Homo sapiens	GTRD	No
P07900	3320	HSP90AA1	chromatin immunoprecipitation assay	27924024	Homo sapiens	GTRD	No
Q9Y6Z7	10584	COLEC10	chromatin immunoprecipitation assay	27924024	Homo sapiens	GTRD	No
Q8NC06	79777	ACBD4	chromatin immunoprecipitation assay	27924024	Homo sapiens	GTRD	No
Q8NCP5	29068	ZBTB44	chromatin immunoprecipitation assay	27924024	Homo sapiens	GTRD	No
Q16515	40	ASIC2	chromatin immunoprecipitation assay	27924024	Homo sapiens	GTRD	No
Q9C0C2	85456	TNKS1BP1	chromatin immunoprecipitation assay	27924024	Homo sapiens	GTRD	No
Q9UHP3	29761	USP25	chromatin immunoprecipitation assay	27924024	Homo sapiens	GTRD	No
Q8N5K1	493856	CISD2	chromatin immunoprecipitation assay	27924024	Homo sapiens	GTRD	No
O75094	6586	SLIT3	chromatin immunoprecipitation assay	27924024	Homo sapiens	GTRD	No
Q6ZTZ1	345222	MSANTD1	chromatin immunoprecipitation assay	27924024	Homo sapiens	GTRD	No
Q8TEH3	57706	DENND1A	chromatin immunoprecipitation assay	27924024	Homo sapiens	GTRD	No
P42892	1889	ECE1	chromatin immunoprecipitation assay	27924024	Homo sapiens	GTRD	No
Q86WA6	670	BPHL	chromatin immunoprecipitation assay	27924024	Homo sapiens	GTRD	No
Q96F83	122616	CLBA1	chromatin immunoprecipitation assay	27924024	Homo sapiens	GTRD	No
P78348	41	ASIC1	chromatin immunoprecipitation assay	27924024	Homo sapiens	GTRD	No
A0AVI4	92305	TMEM129	chromatin immunoprecipitation assay	27924024	Homo sapiens	GTRD	No
Q15788	8648	NCOA1	chromatin immunoprecipitation assay	27924024	Homo sapiens	GTRD	No
P21728	1812	DRD1	chromatin immunoprecipitation assay	27924024	Homo sapiens	GTRD	No
Q9NUG4	140706	CCM2L	chromatin immunoprecipitation assay	27924024	Homo sapiens	GTRD	No
P08253	4313	MMP2	chromatin immunoprecipitation assay	27924024	Homo sapiens	GTRD	No
Q86YS3	84440	RAB11FIP4	chromatin immunoprecipitation assay	27924024	Homo sapiens	GTRD	No
Q8TEW6	55715	DOK4	chromatin immunoprecipitation assay	27924024	Homo sapiens	GTRD	No
O95365	51341	ZBTB7A	chromatin immunoprecipitation assay	27924024	Homo sapiens	GTRD	No
Q8TAE7	170850	KCNG3	chromatin immunoprecipitation assay	27924024	Homo sapiens	GTRD	No
Q8N2W9	51588	PIAS4	chromatin immunoprecipitation assay	27924024	Homo sapiens	GTRD	No
Q9NRD9	53905	DUOX1	chromatin immunoprecipitation assay	27924024	Homo sapiens	GTRD	No
Q03167	7049	TGFBR3	chromatin immunoprecipitation assay	27924024	Homo sapiens	GTRD	No
Q9UQ53	11282	MGAT4B	chromatin immunoprecipitation assay	27924024	Homo sapiens	GTRD	No
Q02410	320	APBA1	chromatin immunoprecipitation assay	27924024	Homo sapiens	GTRD	No
Q04206	5970	RELA	chromatin immunoprecipitation assay	27924024	Homo sapiens	GTRD	No
Q05086	7337	UBE3A	chromatin immunoprecipitation assay	27924024	Homo sapiens	GTRD	No
O43824	8225	GTPBP6	chromatin immunoprecipitation assay	27924024	Homo sapiens	GTRD	No
Q9NRG1	56952	PRTFDC1	chromatin immunoprecipitation assay	27924024	Homo sapiens	GTRD	No
Q693B1	147040	KCTD11	chromatin immunoprecipitation assay	27924024	Homo sapiens	GTRD	No
Q96EV8	84062	DTNBP1	chromatin immunoprecipitation assay	27924024	Homo sapiens	GTRD	No
A4IF30	341880	SLC35F4	chromatin immunoprecipitation assay	27924024	Homo sapiens	GTRD	No
P56378	9556	ATP5MPL	chromatin immunoprecipitation assay	27924024	Homo sapiens	GTRD	No
Q13263	10155	TRIM28	chromatin immunoprecipitation assay	27924024	Homo sapiens	GTRD	No
Q15059	8019	BRD3	chromatin immunoprecipitation assay	27924024	Homo sapiens	GTRD	No
Q9HA92	55316	RSAD1	chromatin immunoprecipitation assay	27924024	Homo sapiens	GTRD	No
O76041	10529	NEBL	chromatin immunoprecipitation assay	27924024	Homo sapiens	GTRD	No
Q9UL26	57403	RAB22A	chromatin immunoprecipitation assay	27924024	Homo sapiens	GTRD	No
Q75N90	84467	FBN3	chromatin immunoprecipitation assay	27924024	Homo sapiens	GTRD	No
P23142	2192	FBLN1	chromatin immunoprecipitation assay	27924024	Homo sapiens	GTRD	No
O43521	10018	BCL2L11	chromatin immunoprecipitation assay	27924024	Homo sapiens	GTRD	No
Q9C035	85363	TRIM5	chromatin immunoprecipitation assay	27924024	Homo sapiens	GTRD	No
A0A1B0GUV1	NA	-	chromatin immunoprecipitation assay	27924024	Homo sapiens	GTRD	No
O60320	23359	FAM189A1	chromatin immunoprecipitation assay	27924024	Homo sapiens	GTRD	No
Q7Z494	27031	NPHP3	chromatin immunoprecipitation assay	27924024	Homo sapiens	GTRD	No
O14817	7106	TSPAN4	chromatin immunoprecipitation assay	27924024	Homo sapiens	GTRD	No
O95989	11165	NUDT3	chromatin immunoprecipitation assay	27924024	Homo sapiens	GTRD	No
Q9NZI7	7342	UBP1	chromatin immunoprecipitation assay	27924024	Homo sapiens	GTRD	No
Q9Y4J8	1837	DTNA	chromatin immunoprecipitation assay	27924024	Homo sapiens	GTRD	No
H3BS89	100507421	TMEM178B	chromatin immunoprecipitation assay	27924024	Homo sapiens	GTRD	No
O43934	79157	MFSD11	chromatin immunoprecipitation assay	27924024	Homo sapiens	GTRD	No
Q8ND25	84937	ZNRF1	chromatin immunoprecipitation assay	27924024	Homo sapiens	GTRD	No
Q9UKA8	11123	RCAN3	chromatin immunoprecipitation assay	27924024	Homo sapiens	GTRD	No
Q8TC84	92565	FANK1	chromatin immunoprecipitation assay	27924024	Homo sapiens	GTRD	No
A0A0J9YXQ4	NA	PNMA6E	chromatin immunoprecipitation assay	27924024	Homo sapiens	GTRD	No
Q6UW01	643866	CBLN3	chromatin immunoprecipitation assay	27924024	Homo sapiens	GTRD	No
Q9H2C0	8139	GAN	chromatin immunoprecipitation assay	27924024	Homo sapiens	GTRD	No
O43609	10252	SPRY1	chromatin immunoprecipitation assay	27924024	Homo sapiens	GTRD	No
O14514	575	ADGRB1	chromatin immunoprecipitation assay	27924024	Homo sapiens	GTRD	No
Q9H426	140730	RIMS4	chromatin immunoprecipitation assay	27924024	Homo sapiens	GTRD	No
O15394	4685	NCAM2	chromatin immunoprecipitation assay	27924024	Homo sapiens	GTRD	No
Q9UN37	27183	VPS4A	chromatin immunoprecipitation assay	27924024	Homo sapiens	GTRD	No
P60827	390664	C1QTNF8	chromatin immunoprecipitation assay	27924024	Homo sapiens	GTRD	No
P46089	2827	GPR3	chromatin immunoprecipitation assay	27924024	Homo sapiens	GTRD	No
P21333	2316	FLNA	chromatin immunoprecipitation assay	27924024	Homo sapiens	GTRD	No
O94806	23683	PRKD3	chromatin immunoprecipitation assay	27924024	Homo sapiens	GTRD	No
Q8NDA8	727957	MROH1	chromatin immunoprecipitation assay	27924024	Homo sapiens	GTRD	No
Q06033	3699	ITIH3	chromatin immunoprecipitation assay	27924024	Homo sapiens	GTRD	No
Q13887	688	KLF5	chromatin immunoprecipitation assay	27924024	Homo sapiens	GTRD	No
Q86WC4	28962	OSTM1	chromatin immunoprecipitation assay	27924024	Homo sapiens	GTRD	No
O60307	23031	MAST3	chromatin immunoprecipitation assay	27924024	Homo sapiens	GTRD	No
Q86SQ4	57211	ADGRG6	chromatin immunoprecipitation assay	27924024	Homo sapiens	GTRD	No
O15069	23148	NACAD	chromatin immunoprecipitation assay	27924024	Homo sapiens	GTRD	No
O00712	4781	NFIB	chromatin immunoprecipitation assay	27924024	Homo sapiens	GTRD	No
Q9Y6K9	8517	IKBKG	chromatin immunoprecipitation assay	27924024	Homo sapiens	GTRD	No
Q9Y2Y9	51621	KLF13	chromatin immunoprecipitation assay	27924024	Homo sapiens	GTRD	No
O76050	9148	NEURL1	chromatin immunoprecipitation assay	27924024	Homo sapiens	GTRD	No
P25786	5682	PSMA1	chromatin immunoprecipitation assay	27924024	Homo sapiens	GTRD	No
Q9BRK3	54587	MXRA8	chromatin immunoprecipitation assay	27924024	Homo sapiens	GTRD	No
P35346	6755	SSTR5	chromatin immunoprecipitation assay	27924024	Homo sapiens	GTRD	No
Q6ZVZ8	401036	ASB18	chromatin immunoprecipitation assay	27924024	Homo sapiens	GTRD	No
Q9H1R2	128853	DUSP15	chromatin immunoprecipitation assay	27924024	Homo sapiens	GTRD	No
P08047	6667	SP1	chromatin immunoprecipitation assay	27924024	Homo sapiens	GTRD	No
P38405	2774	GNAL	chromatin immunoprecipitation assay	27924024	Homo sapiens	GTRD	No
Q9UNE2	9501	RPH3AL	chromatin immunoprecipitation assay	27924024	Homo sapiens	GTRD	No
Q53GG5	27295	PDLIM3	chromatin immunoprecipitation assay	27924024	Homo sapiens	GTRD	No
Q8NAA5	388341	LRRC75A	chromatin immunoprecipitation assay	27924024	Homo sapiens	GTRD	No
Q9H2A7	58191	CXCL16	chromatin immunoprecipitation assay	27924024	Homo sapiens	GTRD	No
Q96GX8	404550	C16orf74	chromatin immunoprecipitation assay	27924024	Homo sapiens	GTRD	No
O43719	27336	HTATSF1	chromatin immunoprecipitation assay	27924024	Homo sapiens	GTRD	No
P57738	6988	TCTA	chromatin immunoprecipitation assay	27924024	Homo sapiens	GTRD	No
Q5D1E8	80149	ZC3H12A	chromatin immunoprecipitation assay	27924024	Homo sapiens	GTRD	No
Q14623	3549	IHH	chromatin immunoprecipitation assay	27924024	Homo sapiens	GTRD	No
P54578	9097	USP14	chromatin immunoprecipitation assay	27924024	Homo sapiens	GTRD	No
Q86YD5	143458	LDLRAD3	chromatin immunoprecipitation assay	27924024	Homo sapiens	GTRD	No
O94916	10725	NFAT5	chromatin immunoprecipitation assay	27924024	Homo sapiens	GTRD	No
Q86UR5	22999	RIMS1	chromatin immunoprecipitation assay	27924024	Homo sapiens	GTRD	No
Q9HB89	10316	NMUR1	chromatin immunoprecipitation assay	27924024	Homo sapiens	GTRD	No
Q3KNV8	10336	PCGF3	chromatin immunoprecipitation assay	27924024	Homo sapiens	GTRD	No
Q17R89	9912	ARHGAP44	chromatin immunoprecipitation assay	27924024	Homo sapiens	GTRD	No
P35658	8021	NUP214	chromatin immunoprecipitation assay	27924024	Homo sapiens	GTRD	No
Q9Y2K5	22864	R3HDM2	chromatin immunoprecipitation assay	27924024	Homo sapiens	GTRD	No
Q96FX7	115708	TRMT61A	chromatin immunoprecipitation assay	27924024	Homo sapiens	GTRD	No
Q9ULE0	55841	WWC3	chromatin immunoprecipitation assay	27924024	Homo sapiens	GTRD	No
O60641	9892	SNAP91	chromatin immunoprecipitation assay	27924024	Homo sapiens	GTRD	No
O43741	5565	PRKAB2	chromatin immunoprecipitation assay	27924024	Homo sapiens	GTRD	No
P12821	1636	ACE	chromatin immunoprecipitation assay	27924024	Homo sapiens	GTRD	No
Q9NY99	54221	SNTG2	chromatin immunoprecipitation assay	27924024	Homo sapiens	GTRD	No
P62140	5500	PPP1CB	chromatin immunoprecipitation assay	27924024	Homo sapiens	GTRD	No
Q9H334	27086	FOXP1	chromatin immunoprecipitation assay	27924024	Homo sapiens	GTRD	No
Q04637	1981	EIF4G1	chromatin immunoprecipitation assay	27924024	Homo sapiens	GTRD	No
Q9BYM8	10616	RBCK1	chromatin immunoprecipitation assay	27924024	Homo sapiens	GTRD	No
Q8IX03	23286	WWC1	chromatin immunoprecipitation assay	27924024	Homo sapiens	GTRD	No
Q86Y39	126328	NDUFA11	chromatin immunoprecipitation assay	27924024	Homo sapiens	GTRD	No
Q5T5Y3	157922	CAMSAP1	chromatin immunoprecipitation assay	27924024	Homo sapiens	GTRD	No
Q9NR83	56731	SLC2A4RG	chromatin immunoprecipitation assay	27924024	Homo sapiens	GTRD	No
O14936	8573	CASK	chromatin immunoprecipitation assay	27924024	Homo sapiens	GTRD	No
Q13795	10139	ARFRP1	chromatin immunoprecipitation assay	27924024	Homo sapiens	GTRD	No
Q9BXM7	65018	PINK1	chromatin immunoprecipitation assay	27924024	Homo sapiens	GTRD	No
Q6ZSI9	147968	CAPN12	chromatin immunoprecipitation assay	27924024	Homo sapiens	GTRD	No
Q9UHB4	27158	NDOR1	chromatin immunoprecipitation assay	27924024	Homo sapiens	GTRD	No
Q9NQX1	11107	PRDM5	chromatin immunoprecipitation assay	27924024	Homo sapiens	GTRD	No
Q86YV0	64926	RASAL3	chromatin immunoprecipitation assay	27924024	Homo sapiens	GTRD	No
Q06455	862	RUNX1T1	chromatin immunoprecipitation assay	27924024	Homo sapiens	GTRD	No
O60729	8555	CDC14B	chromatin immunoprecipitation assay	27924024	Homo sapiens	GTRD	No
Q8IV01	91683	SYT12	chromatin immunoprecipitation assay	27924024	Homo sapiens	GTRD	No
O43829	7541	ZBTB14	chromatin immunoprecipitation assay	27924024	Homo sapiens	GTRD	No
Q3MIX3	203054	ADCK5	chromatin immunoprecipitation assay	27924024	Homo sapiens	GTRD	No
Q9C0D6	85462	FHDC1	chromatin immunoprecipitation assay	27924024	Homo sapiens	GTRD	No
P61088	7334	UBE2N	chromatin immunoprecipitation assay	27924024	Homo sapiens	GTRD	No
A8MVW0	284069	FAM171A2	chromatin immunoprecipitation assay	27924024	Homo sapiens	GTRD	No
Q96CG8	115908	CTHRC1	chromatin immunoprecipitation assay	27924024	Homo sapiens	GTRD	No
P21452	6865	TACR2	chromatin immunoprecipitation assay	27924024	Homo sapiens	GTRD	No
O94925	2744	GLS	chromatin immunoprecipitation assay	27924024	Homo sapiens	GTRD	No
A6NNN8	146167	SLC38A8	chromatin immunoprecipitation assay	27924024	Homo sapiens	GTRD	No
P51810	4935	GPR143	chromatin immunoprecipitation assay	27924024	Homo sapiens	GTRD	No
P35052	2817	GPC1	chromatin immunoprecipitation assay	27924024	Homo sapiens	GTRD	No
P12931	6714	SRC	chromatin immunoprecipitation assay	27924024	Homo sapiens	GTRD	No
Q9H444	128866	CHMP4B	chromatin immunoprecipitation assay	27924024	Homo sapiens	GTRD	No
P25391	284217	LAMA1	chromatin immunoprecipitation assay	27924024	Homo sapiens	GTRD	No
Q8TBZ0	256309	CCDC110	chromatin immunoprecipitation assay	27924024	Homo sapiens	GTRD	No
Q9NRV9	50865	HEBP1	chromatin immunoprecipitation assay	27924024	Homo sapiens	GTRD	No
O43526	3785	KCNQ2	chromatin immunoprecipitation assay	27924024	Homo sapiens	GTRD	No
Q5DID0	89766	UMODL1	chromatin immunoprecipitation assay	27924024	Homo sapiens	GTRD	No
B1AHC3	553158	PRR5-ARHGAP8	chromatin immunoprecipitation assay	27924024	Homo sapiens	GTRD	No
Q5T8I9	113802	HENMT1	chromatin immunoprecipitation assay	27924024	Homo sapiens	GTRD	No
Q9UM54	4646	MYO6	chromatin immunoprecipitation assay	27924024	Homo sapiens	GTRD	No
Q14206	10231	RCAN2	chromatin immunoprecipitation assay	27924024	Homo sapiens	GTRD	No
Q9Y6M7	9497	SLC4A7	chromatin immunoprecipitation assay	27924024	Homo sapiens	GTRD	No
Q9BZ11	80332	ADAM33	chromatin immunoprecipitation assay	27924024	Homo sapiens	GTRD	No
Q9H857	64943	NT5DC2	chromatin immunoprecipitation assay	27924024	Homo sapiens	GTRD	No
P43005	6505	SLC1A1	chromatin immunoprecipitation assay	27924024	Homo sapiens	GTRD	No
Q7L099	22902	RUFY3	chromatin immunoprecipitation assay	27924024	Homo sapiens	GTRD	No
Q6ZSJ8	127687	C1orf122	chromatin immunoprecipitation assay	27924024	Homo sapiens	GTRD	No
Q7L5N1	10980	COPS6	chromatin immunoprecipitation assay	27924024	Homo sapiens	GTRD	No
Q9NUK0	55796	MBNL3	chromatin immunoprecipitation assay	27924024	Homo sapiens	GTRD	No
P31939	471	ATIC	chromatin immunoprecipitation assay	27924024	Homo sapiens	GTRD	No
P85298	23779	ARHGAP8	chromatin immunoprecipitation assay	27924024	Homo sapiens	GTRD	No
Q6UX07	147015	DHRS13	chromatin immunoprecipitation assay	27924024	Homo sapiens	GTRD	No
O95278	7957	EPM2A	chromatin immunoprecipitation assay	27924024	Homo sapiens	GTRD	No
Q99700	6311	ATXN2	chromatin immunoprecipitation assay	27924024	Homo sapiens	GTRD	No
Q96BY2	64112	MOAP1	chromatin immunoprecipitation assay	27924024	Homo sapiens	GTRD	No
Q05D60	159989	DEUP1	chromatin immunoprecipitation assay	27924024	Homo sapiens	GTRD	No
Q8NAC3	84818	IL17RC	chromatin immunoprecipitation assay	27924024	Homo sapiens	GTRD	No
Q16762	7263	TST	chromatin immunoprecipitation assay	27924024	Homo sapiens	GTRD	No
Q96S06	64788	LMF1	chromatin immunoprecipitation assay	27924024	Homo sapiens	GTRD	No
Q9ULD6	27152	INTU	chromatin immunoprecipitation assay	27924024	Homo sapiens	GTRD	No
O60637	10099	TSPAN3	chromatin immunoprecipitation assay	27924024	Homo sapiens	GTRD	No
O14519	8099	CDK2AP1	chromatin immunoprecipitation assay	27924024	Homo sapiens	GTRD	No
Q68DC2	203286	ANKS6	chromatin immunoprecipitation assay	27924024	Homo sapiens	GTRD	No
Q01082	6711	SPTBN1	chromatin immunoprecipitation assay	27924024	Homo sapiens	GTRD	No
Q92913	2258	FGF13	chromatin immunoprecipitation assay	27924024	Homo sapiens	GTRD	No
P62136	5499	PPP1CA	chromatin immunoprecipitation assay	27924024	Homo sapiens	GTRD	No
Q13277	6809	STX3	chromatin immunoprecipitation assay	27924024	Homo sapiens	GTRD	No
Q9H6D8	64838	FNDC4	chromatin immunoprecipitation assay	27924024	Homo sapiens	GTRD	No
Q9H0C3	84216	TMEM117	chromatin immunoprecipitation assay	27924024	Homo sapiens	GTRD	No
Q6NY19	256949	KANK3	chromatin immunoprecipitation assay	27924024	Homo sapiens	GTRD	No
Q8IY22	80790	CMIP	chromatin immunoprecipitation assay	27924024	Homo sapiens	GTRD	No
Q8NHV4	121441	NEDD1	chromatin immunoprecipitation assay	27924024	Homo sapiens	GTRD	No
O15197	2051	EPHB6	chromatin immunoprecipitation assay	27924024	Homo sapiens	GTRD	No
Q52WX2	388228	SBK1	chromatin immunoprecipitation assay	27924024	Homo sapiens	GTRD	No
Q9UM63	5325	PLAGL1	chromatin immunoprecipitation assay	27924024	Homo sapiens	GTRD	No
P43115	5733	PTGER3	chromatin immunoprecipitation assay	27924024	Homo sapiens	GTRD	No
Q9Y6N6	10319	LAMC3	chromatin immunoprecipitation assay	27924024	Homo sapiens	GTRD	No
Q12933	7186	TRAF2	chromatin immunoprecipitation assay	27924024	Homo sapiens	GTRD	No
Q9ULV1	8322	FZD4	chromatin immunoprecipitation assay	27924024	Homo sapiens	GTRD	No
P52888	7064	THOP1	chromatin immunoprecipitation assay	27924024	Homo sapiens	GTRD	No
Q9UNE7	10273	STUB1	chromatin immunoprecipitation assay	27924024	Homo sapiens	GTRD	No
Q6B0B8	220359	TIGD3	chromatin immunoprecipitation assay	27924024	Homo sapiens	GTRD	No
Q9UHD2	29110	TBK1	chromatin immunoprecipitation assay	27924024	Homo sapiens	GTRD	No
Q9NP77	29101	SSU72	chromatin immunoprecipitation assay	27924024	Homo sapiens	GTRD	No
Q5U651	54922	RASIP1	chromatin immunoprecipitation assay	27924024	Homo sapiens	GTRD	No
P84550	NA	SKOR1	chromatin immunoprecipitation assay	27924024	Homo sapiens	GTRD	No
Q5UAW9	80045	GPR157	chromatin immunoprecipitation assay	27924024	Homo sapiens	GTRD	No
P14209	4267	CD99	chromatin immunoprecipitation assay	27924024	Homo sapiens	GTRD	No
P23468	5789	PTPRD	chromatin immunoprecipitation assay	27924024	Homo sapiens	GTRD	No
O43847	4898	NRDC	chromatin immunoprecipitation assay	27924024	Homo sapiens	GTRD	No
P08588	153	ADRB1	chromatin immunoprecipitation assay	27924024	Homo sapiens	GTRD	No
P59047	126206	NLRP5	chromatin immunoprecipitation assay	27924024	Homo sapiens	GTRD	No
Q9NTX9	63939	FAM217B	chromatin immunoprecipitation assay	27924024	Homo sapiens	GTRD	No
Q6ISS4	3904	LAIR2	chromatin immunoprecipitation assay	27924024	Homo sapiens	GTRD	No
P48506	2729	GCLC	chromatin immunoprecipitation assay	27924024	Homo sapiens	GTRD	No
Q8WZA2	11069	RAPGEF4	chromatin immunoprecipitation assay	27924024	Homo sapiens	GTRD	No
Q8NB37	347862	GATD1	chromatin immunoprecipitation assay	27924024	Homo sapiens	GTRD	No
O00212	29984	RHOD	chromatin immunoprecipitation assay	27924024	Homo sapiens	GTRD	No
Q92922	6599	SMARCC1	chromatin immunoprecipitation assay	27924024	Homo sapiens	GTRD	No
Q8WYA1	56938	ARNTL2	chromatin immunoprecipitation assay	27924024	Homo sapiens	GTRD	No
Q9P0L2	4139	MARK1	chromatin immunoprecipitation assay	27924024	Homo sapiens	GTRD	No
Q8IYS0	54762	GRAMD1C	chromatin immunoprecipitation assay	27924024	Homo sapiens	GTRD	No
Q8NHW3	389692	MAFA	chromatin immunoprecipitation assay	27924024	Homo sapiens	GTRD	No
Q9NWM0	54498	SMOX	chromatin immunoprecipitation assay	27924024	Homo sapiens	GTRD	No
Q13185	11335	CBX3	chromatin immunoprecipitation assay	27924024	Homo sapiens	GTRD	No
Q86VD7	284439	SLC25A42	chromatin immunoprecipitation assay	27924024	Homo sapiens	GTRD	No
P49184	1774	DNASE1L1	chromatin immunoprecipitation assay	27924024	Homo sapiens	GTRD	No
Q9BQL6	55612	FERMT1	chromatin immunoprecipitation assay	27924024	Homo sapiens	GTRD	No
P18583	6651	SON	chromatin immunoprecipitation assay	27924024	Homo sapiens	GTRD	No
Q5JUQ0	286336	FAM78A	chromatin immunoprecipitation assay	27924024	Homo sapiens	GTRD	No
Q6ZMK1	50626	CYHR1	chromatin immunoprecipitation assay	27924024	Homo sapiens	GTRD	No
O60242	577	ADGRB3	chromatin immunoprecipitation assay	27924024	Homo sapiens	GTRD	No
Q14123	5137	PDE1C	chromatin immunoprecipitation assay	27924024	Homo sapiens	GTRD	No
Q8IYB4	51555	PEX5L	chromatin immunoprecipitation assay	27924024	Homo sapiens	GTRD	No
O00423	2009	EML1	chromatin immunoprecipitation assay	27924024	Homo sapiens	GTRD	No
P20700	4001	LMNB1	chromatin immunoprecipitation assay	27924024	Homo sapiens	GTRD	No
Q9NT99	94030	LRRC4B	chromatin immunoprecipitation assay	27924024	Homo sapiens	GTRD	No
Q9NYN1	51285	RASL12	chromatin immunoprecipitation assay	27924024	Homo sapiens	GTRD	No
A9YTQ3	57491	AHRR	chromatin immunoprecipitation assay	27924024	Homo sapiens	GTRD	No
Q8NB46	283373	ANKRD52	chromatin immunoprecipitation assay	27924024	Homo sapiens	GTRD	No
P52594	3267	AGFG1	chromatin immunoprecipitation assay	27924024	Homo sapiens	GTRD	No
Q969W0	171546	SPTSSA	chromatin immunoprecipitation assay	27924024	Homo sapiens	GTRD	No
O75909	8812	CCNK	chromatin immunoprecipitation assay	27924024	Homo sapiens	GTRD	No
A1YPR0	201501	ZBTB7C	chromatin immunoprecipitation assay	27924024	Homo sapiens	GTRD	No
P43234	1519	CTSO	chromatin immunoprecipitation assay	27924024	Homo sapiens	GTRD	No
E7EW31	389333	PROB1	chromatin immunoprecipitation assay	27924024	Homo sapiens	GTRD	No
Q6TDP4	339451	KLHL17	chromatin immunoprecipitation assay	27924024	Homo sapiens	GTRD	No
O94851	9645	MICAL2	chromatin immunoprecipitation assay	27924024	Homo sapiens	GTRD	No
O75808	6650	CAPN15	chromatin immunoprecipitation assay	27924024	Homo sapiens	GTRD	No
Q12929	2059	EPS8	chromatin immunoprecipitation assay	27924024	Homo sapiens	GTRD	No
Q674R7	285973	ATG9B	chromatin immunoprecipitation assay	27924024	Homo sapiens	GTRD	No
Q9UL58	7762	ZNF215	chromatin immunoprecipitation assay	27924024	Homo sapiens	GTRD	No
P54289	781	CACNA2D1	chromatin immunoprecipitation assay	27924024	Homo sapiens	GTRD	No
Q9BY15	84658	ADGRE3	chromatin immunoprecipitation assay	27924024	Homo sapiens	GTRD	No
Q70YC5	22891	ZNF365	chromatin immunoprecipitation assay	27924024	Homo sapiens	GTRD	No
P50148	2776	GNAQ	chromatin immunoprecipitation assay	27924024	Homo sapiens	GTRD	No
Q00532	8814	CDKL1	chromatin immunoprecipitation assay	27924024	Homo sapiens	GTRD	No
O00533	10752	CHL1	chromatin immunoprecipitation assay	27924024	Homo sapiens	GTRD	No
Q9NP95	26281	FGF20	chromatin immunoprecipitation assay	27924024	Homo sapiens	GTRD	No
Q9UJU5	27022	FOXD3	chromatin immunoprecipitation assay	27924024	Homo sapiens	GTRD	No
Q66LE6	55844	PPP2R2D	chromatin immunoprecipitation assay	27924024	Homo sapiens	GTRD	No
P22830	2235	FECH	chromatin immunoprecipitation assay	27924024	Homo sapiens	GTRD	No
P20810	831	CAST	chromatin immunoprecipitation assay	27924024	Homo sapiens	GTRD	No
Q4G0F5	112936	VPS26B	chromatin immunoprecipitation assay	27924024	Homo sapiens	GTRD	No
O43865	10768	AHCYL1	chromatin immunoprecipitation assay	27924024	Homo sapiens	GTRD	No
Q8WVN8	92912	UBE2Q2	chromatin immunoprecipitation assay	27924024	Homo sapiens	GTRD	No
Q53GL0	51177	PLEKHO1	chromatin immunoprecipitation assay	27924024	Homo sapiens	GTRD	No
Q969U7	56984	PSMG2	chromatin immunoprecipitation assay	27924024	Homo sapiens	GTRD	No
Q9BZC1	56853	CELF4	chromatin immunoprecipitation assay	27924024	Homo sapiens	GTRD	No
Q9P2N2	NA	ARHGAP28	chromatin immunoprecipitation assay	27924024	Homo sapiens	GTRD	No
P62879	2783	GNB2	chromatin immunoprecipitation assay	27924024	Homo sapiens	GTRD	No
Q9P0K8	55810	FOXJ2	chromatin immunoprecipitation assay	27924024	Homo sapiens	GTRD	No
Q6NT32	221223	CES5A	chromatin immunoprecipitation assay	27924024	Homo sapiens	GTRD	No
Q14444	4076	CAPRIN1	chromatin immunoprecipitation assay	27924024	Homo sapiens	GTRD	No
P18065	3485	IGFBP2	chromatin immunoprecipitation assay	27924024	Homo sapiens	GTRD	No
Q6QNK2	283383	ADGRD1	chromatin immunoprecipitation assay	27924024	Homo sapiens	GTRD	No
P23284	5479	PPIB	chromatin immunoprecipitation assay	27924024	Homo sapiens	GTRD	No
P57682	51274	KLF3	chromatin immunoprecipitation assay	27924024	Homo sapiens	GTRD	No
Q05923	1844	DUSP2	chromatin immunoprecipitation assay	27924024	Homo sapiens	GTRD	No
O60462	8828	NRP2	chromatin immunoprecipitation assay	27924024	Homo sapiens	GTRD	No
O43439	9139	CBFA2T2	chromatin immunoprecipitation assay	27924024	Homo sapiens	GTRD	No
O76082	6584	SLC22A5	chromatin immunoprecipitation assay	27924024	Homo sapiens	GTRD	No
P22303	43	ACHE	chromatin immunoprecipitation assay	27924024	Homo sapiens	GTRD	No
B9EJG8	441027	TMEM150C	chromatin immunoprecipitation assay	27924024	Homo sapiens	GTRD	No
Q9UBC2	58513	EPS15L1	chromatin immunoprecipitation assay	27924024	Homo sapiens	GTRD	No
O75940	10285	SMNDC1	chromatin immunoprecipitation assay	27924024	Homo sapiens	GTRD	No
Q8NBD8	161145	TMEM229B	chromatin immunoprecipitation assay	27924024	Homo sapiens	GTRD	No
Q14242	6404	SELPLG	chromatin immunoprecipitation assay	27924024	Homo sapiens	GTRD	No
Q5T7M4	388581	C1QTNF12	chromatin immunoprecipitation assay	27924024	Homo sapiens	GTRD	No
P98155	7436	VLDLR	chromatin immunoprecipitation assay	27924024	Homo sapiens	GTRD	No
O43237	1783	DYNC1LI2	chromatin immunoprecipitation assay	27924024	Homo sapiens	GTRD	No
P63000	5879	RAC1	chromatin immunoprecipitation assay	27924024	Homo sapiens	GTRD	No
P48735	3418	IDH2	chromatin immunoprecipitation assay	27924024	Homo sapiens	GTRD	No
Q9H792	79834	PEAK1	chromatin immunoprecipitation assay	27924024	Homo sapiens	GTRD	No
Q2I0M5	343637	RSPO4	chromatin immunoprecipitation assay	27924024	Homo sapiens	GTRD	No
Q969V6	57591	MRTFA	chromatin immunoprecipitation assay	27924024	Homo sapiens	GTRD	No
Q8IZS6	6991	TCTE3	chromatin immunoprecipitation assay	27924024	Homo sapiens	GTRD	No
Q9Y2N7	64344	HIF3A	chromatin immunoprecipitation assay	27924024	Homo sapiens	GTRD	No
O60673	5980	REV3L	chromatin immunoprecipitation assay	27924024	Homo sapiens	GTRD	No
P57054	51227	PIGP	chromatin immunoprecipitation assay	27924024	Homo sapiens	GTRD	No
Q9C0I1	54545	MTMR12	chromatin immunoprecipitation assay	27924024	Homo sapiens	GTRD	No
P82970	79366	HMGN5	chromatin immunoprecipitation assay	27924024	Homo sapiens	GTRD	No
O96028	7468	NSD2	chromatin immunoprecipitation assay	27924024	Homo sapiens	GTRD	No
P22413	5167	ENPP1	chromatin immunoprecipitation assay	27924024	Homo sapiens	GTRD	No
Q4VXA5	80759	KHDC1	chromatin immunoprecipitation assay	27924024	Homo sapiens	GTRD	No
O43347	4440	MSI1	chromatin immunoprecipitation assay	27924024	Homo sapiens	GTRD	No
Q9BUA3	144097	SPINDOC	chromatin immunoprecipitation assay	27924024	Homo sapiens	GTRD	No
Q9UKW4	10451	VAV3	chromatin immunoprecipitation assay	27924024	Homo sapiens	GTRD	No
Q8NCH0	113189	CHST14	chromatin immunoprecipitation assay	27924024	Homo sapiens	GTRD	No
Q5T7N3	163782	KANK4	chromatin immunoprecipitation assay	27924024	Homo sapiens	GTRD	No
Q8TAK6	116448	OLIG1	chromatin immunoprecipitation assay	27924024	Homo sapiens	GTRD	No
O60884	10294	DNAJA2	chromatin immunoprecipitation assay	27924024	Homo sapiens	GTRD	No
Q9H063	84232	MAF1	chromatin immunoprecipitation assay	27924024	Homo sapiens	GTRD	No
Q9UPX8	22941	SHANK2	chromatin immunoprecipitation assay	27924024	Homo sapiens	GTRD	No
Q7Z5M8	145447	ABHD12B	chromatin immunoprecipitation assay	27924024	Homo sapiens	GTRD	No
O00327	406	ARNTL	chromatin immunoprecipitation assay	27924024	Homo sapiens	GTRD	No
Q96T52	83943	IMMP2L	chromatin immunoprecipitation assay	27924024	Homo sapiens	GTRD	No
Q9UBS4	51726	DNAJB11	chromatin immunoprecipitation assay	27924024	Homo sapiens	GTRD	No
Q96R28	391194	OR2M2	chromatin immunoprecipitation assay	27924024	Homo sapiens	GTRD	No
Q96JN8	84461	NEURL4	chromatin immunoprecipitation assay	27924024	Homo sapiens	GTRD	No
Q96DM3	29919	RMC1	chromatin immunoprecipitation assay	27924024	Homo sapiens	GTRD	No
Q5TFE4	221294	NT5DC1	chromatin immunoprecipitation assay	27924024	Homo sapiens	GTRD	No
Q9BRA0	84316	NAA38	chromatin immunoprecipitation assay	27924024	Homo sapiens	GTRD	No
Q8WYB5	23522	KAT6B	chromatin immunoprecipitation assay	27924024	Homo sapiens	GTRD	No
O94856	23114	NFASC	chromatin immunoprecipitation assay	27924024	Homo sapiens	GTRD	No
Q8IYT4	83473	KATNAL2	chromatin immunoprecipitation assay	27924024	Homo sapiens	GTRD	No
A8MTZ0	92482	BBIP1	chromatin immunoprecipitation assay	27924024	Homo sapiens	GTRD	No
P19838	4790	NFKB1	chromatin immunoprecipitation assay	27924024	Homo sapiens	GTRD	No
Q9UMX5	29937	NENF	chromatin immunoprecipitation assay	27924024	Homo sapiens	GTRD	No
Q09019	1762	DMWD	chromatin immunoprecipitation assay	27924024	Homo sapiens	GTRD	No
Q96BM1	122416	ANKRD9	chromatin immunoprecipitation assay	27924024	Homo sapiens	GTRD	No
O14977	51582	AZIN1	chromatin immunoprecipitation assay	27924024	Homo sapiens	GTRD	No
Q7Z7N9	374395	TMEM179B	chromatin immunoprecipitation assay	27924024	Homo sapiens	GTRD	No
P21796	7416	VDAC1	chromatin immunoprecipitation assay	27924024	Homo sapiens	GTRD	No
Q92633	1902	LPAR1	chromatin immunoprecipitation assay	27924024	Homo sapiens	GTRD	No
Q14137	23246	BOP1	chromatin immunoprecipitation assay	27924024	Homo sapiens	GTRD	No
Q9Y5P8	28227	PPP2R3B	chromatin immunoprecipitation assay	27924024	Homo sapiens	GTRD	No
Q9BYT1	63910	SLC17A9	chromatin immunoprecipitation assay	27924024	Homo sapiens	GTRD	No
P19021	5066	PAM	chromatin immunoprecipitation assay	27924024	Homo sapiens	GTRD	No
Q9H173	64374	SIL1	chromatin immunoprecipitation assay	27924024	Homo sapiens	GTRD	No
Q5T6L9	55780	ERMARD	chromatin immunoprecipitation assay	27924024	Homo sapiens	GTRD	No
P24855	1773	DNASE1	chromatin immunoprecipitation assay	27924024	Homo sapiens	GTRD	No
F5H4A9	401097	C3orf80	chromatin immunoprecipitation assay	27924024	Homo sapiens	GTRD	No
Q96FN4	221184	CPNE2	chromatin immunoprecipitation assay	27924024	Homo sapiens	GTRD	No
P98173	60343	FAM3A	chromatin immunoprecipitation assay	27924024	Homo sapiens	GTRD	No
Q8N608	57628	DPP10	chromatin immunoprecipitation assay	27924024	Homo sapiens	GTRD	No
Q8WY41	340719	NANOS1	chromatin immunoprecipitation assay	27924024	Homo sapiens	GTRD	No
O43255	6478	SIAH2	chromatin immunoprecipitation assay	27924024	Homo sapiens	GTRD	No
Q504Y2	91461	PKDCC	chromatin immunoprecipitation assay	27924024	Homo sapiens	GTRD	No
Q70EL4	124739	USP43	chromatin immunoprecipitation assay	27924024	Homo sapiens	GTRD	No
P09874	142	PARP1	chromatin immunoprecipitation assay	27924024	Homo sapiens	GTRD	No
Q6NXE6	93436	ARMC6	chromatin immunoprecipitation assay	27924024	Homo sapiens	GTRD	No
P40189	3572	IL6ST	chromatin immunoprecipitation assay	27924024	Homo sapiens	GTRD	No
Q14449	2888	GRB14	chromatin immunoprecipitation assay	27924024	Homo sapiens	GTRD	No
Q6UW60	54760	PCSK4	chromatin immunoprecipitation assay	27924024	Homo sapiens	GTRD	No
Q9BZR9	81603	TRIM8	chromatin immunoprecipitation assay	27924024	Homo sapiens	GTRD	No
Q9H0F5	152006	RNF38	chromatin immunoprecipitation assay	27924024	Homo sapiens	GTRD	No
Q6UB99	29123	ANKRD11	chromatin immunoprecipitation assay	27924024	Homo sapiens	GTRD	No
Q8NHY6	140612	ZFP28	chromatin immunoprecipitation assay	27924024	Homo sapiens	GTRD	No
P56706	7477	WNT7B	chromatin immunoprecipitation assay	27924024	Homo sapiens	GTRD	No
P61925	5569	PKIA	chromatin immunoprecipitation assay	27924024	Homo sapiens	GTRD	No
Q9UBC7	85569	GALP	chromatin immunoprecipitation assay	27924024	Homo sapiens	GTRD	No
Q9H999	79646	PANK3	chromatin immunoprecipitation assay	27924024	Homo sapiens	GTRD	No
Q9UMY4	29934	SNX12	chromatin immunoprecipitation assay	27924024	Homo sapiens	GTRD	No
Q92743	5654	HTRA1	chromatin immunoprecipitation assay	27924024	Homo sapiens	GTRD	No
Q02790	2288	FKBP4	chromatin immunoprecipitation assay	27924024	Homo sapiens	GTRD	No
Q9H1U9	92014	SLC25A51	chromatin immunoprecipitation assay	27924024	Homo sapiens	GTRD	No
Q7L8A9	22846	VASH1	chromatin immunoprecipitation assay	27924024	Homo sapiens	GTRD	No
Q9Y619	10166	SLC25A15	chromatin immunoprecipitation assay	27924024	Homo sapiens	GTRD	No
Q8N819	147699	PPM1N	chromatin immunoprecipitation assay	27924024	Homo sapiens	GTRD	No
P00966	445	ASS1	chromatin immunoprecipitation assay	27924024	Homo sapiens	GTRD	No
O95803	9348	NDST3	chromatin immunoprecipitation assay	27924024	Homo sapiens	GTRD	No
Q9NYA1	8877	SPHK1	chromatin immunoprecipitation assay	27924024	Homo sapiens	GTRD	No
Q8IW52	139065	SLITRK4	chromatin immunoprecipitation assay	27924024	Homo sapiens	GTRD	No
Q14146	9816	URB2	chromatin immunoprecipitation assay	27924024	Homo sapiens	GTRD	No
Q8NFY4	80031	SEMA6D	chromatin immunoprecipitation assay	27924024	Homo sapiens	GTRD	No
P17010	7543	ZFX	chromatin immunoprecipitation assay	27924024	Homo sapiens	GTRD	No
P24864	898	CCNE1	chromatin immunoprecipitation assay	27924024	Homo sapiens	GTRD	No
Q96PB8	116135	LRRC3B	chromatin immunoprecipitation assay	27924024	Homo sapiens	GTRD	No
Q6N043	54816	ZNF280D	chromatin immunoprecipitation assay	27924024	Homo sapiens	GTRD	No
Q8N4B1	144717	PHETA1	chromatin immunoprecipitation assay	27924024	Homo sapiens	GTRD	No
Q92541	23168	RTF1	chromatin immunoprecipitation assay	27924024	Homo sapiens	GTRD	No
Q96M32	122481	AK7	chromatin immunoprecipitation assay	27924024	Homo sapiens	GTRD	No
Q9BTC0	11083	DIDO1	chromatin immunoprecipitation assay	27924024	Homo sapiens	GTRD	No
P49902	22978	NT5C2	chromatin immunoprecipitation assay	27924024	Homo sapiens	GTRD	No
Q99640	9088	PKMYT1	chromatin immunoprecipitation assay	27924024	Homo sapiens	GTRD	No
Q86TI0	23216	TBC1D1	chromatin immunoprecipitation assay	27924024	Homo sapiens	GTRD	No
Q9ULH7	57496	MRTFB	chromatin immunoprecipitation assay	27924024	Homo sapiens	GTRD	No
Q86V86	415116	PIM3	chromatin immunoprecipitation assay	27924024	Homo sapiens	GTRD	No
Q6ZVC0	222950	NYAP1	chromatin immunoprecipitation assay	27924024	Homo sapiens	GTRD	No
O75541	55565	ZNF821	chromatin immunoprecipitation assay	27924024	Homo sapiens	GTRD	No
O14683	9537	TP53I11	chromatin immunoprecipitation assay	27924024	Homo sapiens	GTRD	No
Q96HA1	9883	POM121	chromatin immunoprecipitation assay	27924024	Homo sapiens	GTRD	No
Q5JTB6	219348	PLAC9	chromatin immunoprecipitation assay	27924024	Homo sapiens	GTRD	No
P00439	5053	PAH	chromatin immunoprecipitation assay	27924024	Homo sapiens	GTRD	No
O75317	219333	USP12	chromatin immunoprecipitation assay	27924024	Homo sapiens	GTRD	No
Q96QT4	54822	TRPM7	chromatin immunoprecipitation assay	27924024	Homo sapiens	GTRD	No
Q7Z7A4	54899	PXK	chromatin immunoprecipitation assay	27924024	Homo sapiens	GTRD	No
P55061	7009	TMBIM6	chromatin immunoprecipitation assay	27924024	Homo sapiens	GTRD	No
P51636	858	CAV2	chromatin immunoprecipitation assay	27924024	Homo sapiens	GTRD	No
Q9NVM9	55726	INTS13	chromatin immunoprecipitation assay	27924024	Homo sapiens	GTRD	No
Q0VAQ4	57228	SMAGP	chromatin immunoprecipitation assay	27924024	Homo sapiens	GTRD	No
P12757	6498	SKIL	chromatin immunoprecipitation assay	27924024	Homo sapiens	GTRD	No
O60476	10905	MAN1A2	chromatin immunoprecipitation assay	27924024	Homo sapiens	GTRD	No
Q7L9B9	80820	EEPD1	chromatin immunoprecipitation assay	27924024	Homo sapiens	GTRD	No
O75954	10867	TSPAN9	chromatin immunoprecipitation assay	27924024	Homo sapiens	GTRD	No
P10636	4137	MAPT	chromatin immunoprecipitation assay	27924024	Homo sapiens	GTRD	No
P08700	3562	IL3	chromatin immunoprecipitation assay	27924024	Homo sapiens	GTRD	No
Q9GZQ6	64106	NPFFR1	chromatin immunoprecipitation assay	27924024	Homo sapiens	GTRD	No
Q12974	8073	PTP4A2	chromatin immunoprecipitation assay	27924024	Homo sapiens	GTRD	No
Q14155	8874	ARHGEF7	chromatin immunoprecipitation assay	27924024	Homo sapiens	GTRD	No
O75752	8706	B3GALNT1	chromatin immunoprecipitation assay	27924024	Homo sapiens	GTRD	No
P46013	4288	MKI67	chromatin immunoprecipitation assay	27924024	Homo sapiens	GTRD	No
Q6PHR2	25989	ULK3	chromatin immunoprecipitation assay	27924024	Homo sapiens	GTRD	No
Q9P206	57648	KIAA1522	chromatin immunoprecipitation assay	27924024	Homo sapiens	GTRD	No
P05114	3150	HMGN1	chromatin immunoprecipitation assay	27924024	Homo sapiens	GTRD	No
Q9HAP2	22877	MLXIP	chromatin immunoprecipitation assay	27924024	Homo sapiens	GTRD	No
Q9BV35	79085	SLC25A23	chromatin immunoprecipitation assay	27924024	Homo sapiens	GTRD	No
Q96EP1	55743	CHFR	chromatin immunoprecipitation assay	27924024	Homo sapiens	GTRD	No
P34947	2869	GRK5	chromatin immunoprecipitation assay	27924024	Homo sapiens	GTRD	No
Q15831	6794	STK11	chromatin immunoprecipitation assay	27924024	Homo sapiens	GTRD	No
P48547	3746	KCNC1	chromatin immunoprecipitation assay	27924024	Homo sapiens	GTRD	No
P55786	9520	NPEPPS	chromatin immunoprecipitation assay	27924024	Homo sapiens	GTRD	No
Q5TC63	79774	GRTP1	chromatin immunoprecipitation assay	27924024	Homo sapiens	GTRD	No
P09668	1512	CTSH	chromatin immunoprecipitation assay	27924024	Homo sapiens	GTRD	No
P58107	83481	EPPK1	chromatin immunoprecipitation assay	27924024	Homo sapiens	GTRD	No
Q2NL98	400673	VMAC	chromatin immunoprecipitation assay	27924024	Homo sapiens	GTRD	No
O75326	8482	SEMA7A	chromatin immunoprecipitation assay	27924024	Homo sapiens	GTRD	No
P43490	10135	NAMPT	chromatin immunoprecipitation assay	27924024	Homo sapiens	GTRD	No
P15311	7430	EZR	chromatin immunoprecipitation assay	27924024	Homo sapiens	GTRD	No
Q86XK2	80204	FBXO11	chromatin immunoprecipitation assay	27924024	Homo sapiens	GTRD	No
Q9ULX9	23764	MAFF	chromatin immunoprecipitation assay	27924024	Homo sapiens	GTRD	No
O14490	9229	DLGAP1	chromatin immunoprecipitation assay	27924024	Homo sapiens	GTRD	No
Q8WXE1	84126	ATRIP	chromatin immunoprecipitation assay	27924024	Homo sapiens	GTRD	No
Q99961	6455	SH3GL1	chromatin immunoprecipitation assay	27924024	Homo sapiens	GTRD	No
P13805	7138	TNNT1	chromatin immunoprecipitation assay	27924024	Homo sapiens	GTRD	No
Q9NUN7	55331	ACER3	chromatin immunoprecipitation assay	27924024	Homo sapiens	GTRD	No
Q8WTS1	51099	ABHD5	chromatin immunoprecipitation assay	27924024	Homo sapiens	GTRD	No
P10645	1113	CHGA	chromatin immunoprecipitation assay	27924024	Homo sapiens	GTRD	No
Q8IXW0	256329	LMNTD2	chromatin immunoprecipitation assay	27924024	Homo sapiens	GTRD	No
Q9BQP7	92667	MGME1	chromatin immunoprecipitation assay	27924024	Homo sapiens	GTRD	No
Q12983	664	BNIP3	chromatin immunoprecipitation assay	27924024	Homo sapiens	GTRD	No
Q9BX46	221662	RBM24	chromatin immunoprecipitation assay	27924024	Homo sapiens	GTRD	No
Q16799	6252	RTN1	chromatin immunoprecipitation assay	27924024	Homo sapiens	GTRD	No
Q8N5D0	23038	WDTC1	chromatin immunoprecipitation assay	27924024	Homo sapiens	GTRD	No
P28799	2896	GRN	chromatin immunoprecipitation assay	27924024	Homo sapiens	GTRD	No
A8MSI8	201229	LYRM9	chromatin immunoprecipitation assay	27924024	Homo sapiens	GTRD	No
P20719	3202	HOXA5	chromatin immunoprecipitation assay	27924024	Homo sapiens	GTRD	No
Q96NU0	728577	CNTNAP3B	chromatin immunoprecipitation assay	27924024	Homo sapiens	GTRD	No
Q96EN8	55034	MOCOS	chromatin immunoprecipitation assay	27924024	Homo sapiens	GTRD	No
P98077	25759	SHC2	chromatin immunoprecipitation assay	27924024	Homo sapiens	GTRD	No
Q15818	4884	NPTX1	chromatin immunoprecipitation assay	27924024	Homo sapiens	GTRD	No
O43159	23378	RRP8	chromatin immunoprecipitation assay	27924024	Homo sapiens	GTRD	No
Q14678	23189	KANK1	chromatin immunoprecipitation assay	27924024	Homo sapiens	GTRD	No
Q8N635	254528	MEIOB	chromatin immunoprecipitation assay	27924024	Homo sapiens	GTRD	No
O43897	7092	TLL1	chromatin immunoprecipitation assay	27924024	Homo sapiens	GTRD	No
Q96S65	64651	CSRNP1	chromatin immunoprecipitation assay	27924024	Homo sapiens	GTRD	No
Q9UEF7	9365	KL	chromatin immunoprecipitation assay	27924024	Homo sapiens	GTRD	No
Q9BZF3	114880	OSBPL6	chromatin immunoprecipitation assay	27924024	Homo sapiens	GTRD	No
Q8IZU9	84623	KIRREL3	chromatin immunoprecipitation assay	27924024	Homo sapiens	GTRD	No
Q9P215	57645	POGK	chromatin immunoprecipitation assay	27924024	Homo sapiens	GTRD	No
Q15717	1994	ELAVL1	chromatin immunoprecipitation assay	27924024	Homo sapiens	GTRD	No
O75436	9559	VPS26A	chromatin immunoprecipitation assay	27924024	Homo sapiens	GTRD	No
P24557	6916	TBXAS1	chromatin immunoprecipitation assay	27924024	Homo sapiens	GTRD	No
Q96RV3	22990	PCNX1	chromatin immunoprecipitation assay	27924024	Homo sapiens	GTRD	No
Q9Y6E2	28969	BZW2	chromatin immunoprecipitation assay	27924024	Homo sapiens	GTRD	No
Q8TCA0	55222	LRRC20	chromatin immunoprecipitation assay	27924024	Homo sapiens	GTRD	No
P19237	7135	TNNI1	chromatin immunoprecipitation assay	27924024	Homo sapiens	GTRD	No
O75335	8497	PPFIA4	chromatin immunoprecipitation assay	27924024	Homo sapiens	GTRD	No
Q9Y233	10846	PDE10A	chromatin immunoprecipitation assay	27924024	Homo sapiens	GTRD	No
Q53RT3	151516	ASPRV1	chromatin immunoprecipitation assay	27924024	Homo sapiens	GTRD	No
Q96I24	8939	FUBP3	chromatin immunoprecipitation assay	27924024	Homo sapiens	GTRD	No
Q86TZ1	NA	TTC6	chromatin immunoprecipitation assay	27924024	Homo sapiens	GTRD	No
P58753	114609	TIRAP	chromatin immunoprecipitation assay	27924024	Homo sapiens	GTRD	No
R4GMX3	100532731	COMMD3-BMI1	chromatin immunoprecipitation assay	27924024	Homo sapiens	GTRD	No
Q6UXH1	79174	CRELD2	chromatin immunoprecipitation assay	27924024	Homo sapiens	GTRD	No
Q9Y3B7	65003	MRPL11	chromatin immunoprecipitation assay	27924024	Homo sapiens	GTRD	No
Q96RE7	112939	NACC1	chromatin immunoprecipitation assay	27924024	Homo sapiens	GTRD	No
Q6Y288	145173	B3GLCT	chromatin immunoprecipitation assay	27924024	Homo sapiens	GTRD	No
Q9UKY7	55573	CDV3	chromatin immunoprecipitation assay	27924024	Homo sapiens	GTRD	No
Q9HC23	60675	PROK2	chromatin immunoprecipitation assay	27924024	Homo sapiens	GTRD	No
P48029	6535	SLC6A8	chromatin immunoprecipitation assay	27924024	Homo sapiens	GTRD	No
Q12891	8692	HYAL2	chromatin immunoprecipitation assay	27924024	Homo sapiens	GTRD	No
Q9UBU7	10926	DBF4	chromatin immunoprecipitation assay	27924024	Homo sapiens	GTRD	No
Q9UGJ0	51422	PRKAG2	chromatin immunoprecipitation assay	27924024	Homo sapiens	GTRD	No
Q14687	23199	GSE1	chromatin immunoprecipitation assay	27924024	Homo sapiens	GTRD	No
P15408	2355	FOSL2	chromatin immunoprecipitation assay	27924024	Homo sapiens	GTRD	No
P30411	624	BDKRB2	chromatin immunoprecipitation assay	27924024	Homo sapiens	GTRD	No
Q8N6T3	55738	ARFGAP1	chromatin immunoprecipitation assay	27924024	Homo sapiens	GTRD	No
Q92959	6578	SLCO2A1	chromatin immunoprecipitation assay	27924024	Homo sapiens	GTRD	No
Q9Y343	28966	SNX24	chromatin immunoprecipitation assay	27924024	Homo sapiens	GTRD	No
Q2TAK8	84939	PWWP3A	chromatin immunoprecipitation assay	27924024	Homo sapiens	GTRD	No
Q9Y2T1	8313	AXIN2	chromatin immunoprecipitation assay	27924024	Homo sapiens	GTRD	No
P52803	1946	EFNA5	chromatin immunoprecipitation assay	27924024	Homo sapiens	GTRD	No
Q9UIH9	28999	KLF15	chromatin immunoprecipitation assay	27924024	Homo sapiens	GTRD	No
Q12979	29	ABR	chromatin immunoprecipitation assay	27924024	Homo sapiens	GTRD	No
Q99856	1820	ARID3A	chromatin immunoprecipitation assay	27924024	Homo sapiens	GTRD	No
O95202	3954	LETM1	chromatin immunoprecipitation assay	27924024	Homo sapiens	GTRD	No
Q96P71	63941	NECAB3	chromatin immunoprecipitation assay	27924024	Homo sapiens	GTRD	No
Q9P1A6	NA	DLGAP2	chromatin immunoprecipitation assay	27924024	Homo sapiens	GTRD	No
Q96HS1	192111	PGAM5	chromatin immunoprecipitation assay	27924024	Homo sapiens	GTRD	No
P30622	6249	CLIP1	chromatin immunoprecipitation assay	27924024	Homo sapiens	GTRD	No
P0DMW3	100129361	SMIM10L1	chromatin immunoprecipitation assay	27924024	Homo sapiens	GTRD	No
Q9BZE9	79058	ASPSCR1	chromatin immunoprecipitation assay	27924024	Homo sapiens	GTRD	No
Q8WUD4	151903	CCDC12	chromatin immunoprecipitation assay	27924024	Homo sapiens	GTRD	No
P49916	3980	LIG3	chromatin immunoprecipitation assay	27924024	Homo sapiens	GTRD	No
P98095	2199	FBLN2	chromatin immunoprecipitation assay	27924024	Homo sapiens	GTRD	No
Q9NYQ8	2196	FAT2	chromatin immunoprecipitation assay	27924024	Homo sapiens	GTRD	No
Q6WCQ1	23164	MPRIP	chromatin immunoprecipitation assay	27924024	Homo sapiens	GTRD	No
Q96LT4	142891	SAMD8	chromatin immunoprecipitation assay	27924024	Homo sapiens	GTRD	No
P49815	7249	TSC2	chromatin immunoprecipitation assay	27924024	Homo sapiens	GTRD	No
Q9H1H9	63971	KIF13A	chromatin immunoprecipitation assay	27924024	Homo sapiens	GTRD	No
Q86UY8	51559	NT5DC3	chromatin immunoprecipitation assay	27924024	Homo sapiens	GTRD	No
Q9P2S2	9379	NRXN2	chromatin immunoprecipitation assay	27924024	Homo sapiens	GTRD	No
Q9NX18	54949	SDHAF2	chromatin immunoprecipitation assay	27924024	Homo sapiens	GTRD	No
Q15120	5165	PDK3	chromatin immunoprecipitation assay	27924024	Homo sapiens	GTRD	No
Q96QU8	23214	XPO6	chromatin immunoprecipitation assay	27924024	Homo sapiens	GTRD	No
P55075	2253	FGF8	chromatin immunoprecipitation assay	27924024	Homo sapiens	GTRD	No
Q9NYT0	26499	PLEK2	chromatin immunoprecipitation assay	27924024	Homo sapiens	GTRD	No
P54709	483	ATP1B3	chromatin immunoprecipitation assay	27924024	Homo sapiens	GTRD	No
P58872	162494	RHBDL3	chromatin immunoprecipitation assay	27924024	Homo sapiens	GTRD	No
Q86WK6	57463	AMIGO1	chromatin immunoprecipitation assay	27924024	Homo sapiens	GTRD	No
Q92766	6239	RREB1	chromatin immunoprecipitation assay	27924024	Homo sapiens	GTRD	No
Q6ZUS6	91050	CCDC149	chromatin immunoprecipitation assay	27924024	Homo sapiens	GTRD	No
Q9H6L5	54463	RETREG1	chromatin immunoprecipitation assay	27924024	Homo sapiens	GTRD	No
Q9UPM6	26468	LHX6	chromatin immunoprecipitation assay	27924024	Homo sapiens	GTRD	No
Q96IT1	84838	ZNF496	chromatin immunoprecipitation assay	27924024	Homo sapiens	GTRD	No
Q9HAB3	79581	SLC52A2	chromatin immunoprecipitation assay	27924024	Homo sapiens	GTRD	No
Q14393	2621	GAS6	chromatin immunoprecipitation assay	27924024	Homo sapiens	GTRD	No
Q99865	54466	SPIN2A	chromatin immunoprecipitation assay	27924024	Homo sapiens	GTRD	No
Q8TDR2	140901	STK35	chromatin immunoprecipitation assay	27924024	Homo sapiens	GTRD	No
Q8N350	255057	CBARP	chromatin immunoprecipitation assay	27924024	Homo sapiens	GTRD	No
Q6P1X6	414919	C8orf82	chromatin immunoprecipitation assay	27924024	Homo sapiens	GTRD	No
Q2T9K0	93109	TMEM44	chromatin immunoprecipitation assay	27924024	Homo sapiens	GTRD	No
Q8WZ74	83992	CTTNBP2	chromatin immunoprecipitation assay	27924024	Homo sapiens	GTRD	No
O00469	5352	PLOD2	chromatin immunoprecipitation assay	27924024	Homo sapiens	GTRD	No
Q9GZU2	5178	PEG3	chromatin immunoprecipitation assay	27924024	Homo sapiens	GTRD	No
Q92564	23142	DCUN1D4	chromatin immunoprecipitation assay	27924024	Homo sapiens	GTRD	No
O00592	5420	PODXL	chromatin immunoprecipitation assay	27924024	Homo sapiens	GTRD	No
Q14191	7486	WRN	chromatin immunoprecipitation assay	27924024	Homo sapiens	GTRD	No
Q9BTE3	79892	MCMBP	chromatin immunoprecipitation assay	27924024	Homo sapiens	GTRD	No
Q70IA6	81532	MOB2	chromatin immunoprecipitation assay	27924024	Homo sapiens	GTRD	No
Q8NHM5	84678	KDM2B	chromatin immunoprecipitation assay	27924024	Homo sapiens	GTRD	No
Q9UBW5	51411	BIN2	chromatin immunoprecipitation assay	27924024	Homo sapiens	GTRD	No
Q99439	1265	CNN2	chromatin immunoprecipitation assay	27924024	Homo sapiens	GTRD	No
Q8N539	84929	FIBCD1	chromatin immunoprecipitation assay	27924024	Homo sapiens	GTRD	No
Q13825	549	AUH	chromatin immunoprecipitation assay	27924024	Homo sapiens	GTRD	No
O75564	8629	JRK	chromatin immunoprecipitation assay	27924024	Homo sapiens	GTRD	No
Q9Y462	7552	ZNF711	chromatin immunoprecipitation assay	27924024	Homo sapiens	GTRD	No
Q8N4S7	124222	PAQR4	chromatin immunoprecipitation assay	27924024	Homo sapiens	GTRD	No
Q8IVF7	91010	FMNL3	chromatin immunoprecipitation assay	27924024	Homo sapiens	GTRD	No
Q6ZWT7	129642	MBOAT2	chromatin immunoprecipitation assay	27924024	Homo sapiens	GTRD	No
Q6UUV7	64784	CRTC3	chromatin immunoprecipitation assay	27924024	Homo sapiens	GTRD	No
Q9NUC0	56256	SERTAD4	chromatin immunoprecipitation assay	27924024	Homo sapiens	GTRD	No
Q9NQ11	23400	ATP13A2	chromatin immunoprecipitation assay	27924024	Homo sapiens	GTRD	No
Q96PV6	114823	LENG8	chromatin immunoprecipitation assay	27924024	Homo sapiens	GTRD	No
P13942	1302	COL11A2	chromatin immunoprecipitation assay	27924024	Homo sapiens	GTRD	No
H3BM21	NA	-	chromatin immunoprecipitation assay	27924024	Homo sapiens	GTRD	No
Q13522	5502	PPP1R1A	chromatin immunoprecipitation assay	27924024	Homo sapiens	GTRD	No
P63261	71	ACTG1	chromatin immunoprecipitation assay	27924024	Homo sapiens	GTRD	No
Q96I51	81554	RCC1L	chromatin immunoprecipitation assay	27924024	Homo sapiens	GTRD	No
Q9UBI1	23412	COMMD3	chromatin immunoprecipitation assay	27924024	Homo sapiens	GTRD	No
Q92674	2491	CENPI	chromatin immunoprecipitation assay	27924024	Homo sapiens	GTRD	No
O75037	23046	KIF21B	chromatin immunoprecipitation assay	27924024	Homo sapiens	GTRD	No
Q9NUR3	55321	TMEM74B	chromatin immunoprecipitation assay	27924024	Homo sapiens	GTRD	No
Q6PI47	130535	KCTD18	chromatin immunoprecipitation assay	27924024	Homo sapiens	GTRD	No
Q9Y673	29880	ALG5	chromatin immunoprecipitation assay	27924024	Homo sapiens	GTRD	No
Q86UL3	137964	GPAT4	chromatin immunoprecipitation assay	27924024	Homo sapiens	GTRD	No
Q04900	8763	CD164	chromatin immunoprecipitation assay	27924024	Homo sapiens	GTRD	No
P03956	4312	MMP1	chromatin immunoprecipitation assay	27924024	Homo sapiens	GTRD	No
Q86SI9	153571	C5orf38	chromatin immunoprecipitation assay	27924024	Homo sapiens	GTRD	No
Q8IYJ1	151835	CPNE9	chromatin immunoprecipitation assay	27924024	Homo sapiens	GTRD	No
O95633	10272	FSTL3	chromatin immunoprecipitation assay	27924024	Homo sapiens	GTRD	No
Q8WWU7	142683	ITLN2	chromatin immunoprecipitation assay	27924024	Homo sapiens	GTRD	No
O95409	7546	ZIC2	chromatin immunoprecipitation assay	27924024	Homo sapiens	GTRD	No
P22674	10309	CCNO	chromatin immunoprecipitation assay	27924024	Homo sapiens	GTRD	No
Q8N6W0	60680	CELF5	chromatin immunoprecipitation assay	27924024	Homo sapiens	GTRD	No
Q6PCB5	222194	RSBN1L	chromatin immunoprecipitation assay	27924024	Homo sapiens	GTRD	No
Q5T5S1	84960	CCDC183	chromatin immunoprecipitation assay	27924024	Homo sapiens	GTRD	No
Q7L0R7	22838	RNF44	chromatin immunoprecipitation assay	27924024	Homo sapiens	GTRD	No
Q9P0R6	51527	GSKIP	chromatin immunoprecipitation assay	27924024	Homo sapiens	GTRD	No
P13929	2027	ENO3	chromatin immunoprecipitation assay	27924024	Homo sapiens	GTRD	No
Q15652	221037	JMJD1C	chromatin immunoprecipitation assay	27924024	Homo sapiens	GTRD	No
Q9BWG4	170463	SSBP4	chromatin immunoprecipitation assay	27924024	Homo sapiens	GTRD	No
Q10472	2589	GALNT1	chromatin immunoprecipitation assay	27924024	Homo sapiens	GTRD	No
Q9BYV9	60468	BACH2	chromatin immunoprecipitation assay	27924024	Homo sapiens	GTRD	No
Q92784	8110	DPF3	chromatin immunoprecipitation assay	27924024	Homo sapiens	GTRD	No
Q96BR1	100533105,23678	SGK3	chromatin immunoprecipitation assay	27924024	Homo sapiens	GTRD	No
O75147	23363	OBSL1	chromatin immunoprecipitation assay	27924024	Homo sapiens	GTRD	No
O15552	2867	FFAR2	chromatin immunoprecipitation assay	27924024	Homo sapiens	GTRD	No
Q9NXB9	54898	ELOVL2	chromatin immunoprecipitation assay	27924024	Homo sapiens	GTRD	No
Q01850	1039	CDR2	chromatin immunoprecipitation assay	27924024	Homo sapiens	GTRD	No
Q9Y5U8	51660	MPC1	chromatin immunoprecipitation assay	27924024	Homo sapiens	GTRD	No
P56545	1488	CTBP2	chromatin immunoprecipitation assay	27924024	Homo sapiens	GTRD	No
P78524	6764	DENND2B	chromatin immunoprecipitation assay	27924024	Homo sapiens	GTRD	No
Q8TEC5	153769	SH3RF2	chromatin immunoprecipitation assay	27924024	Homo sapiens	GTRD	No
Q96FS4	6494	SIPA1	chromatin immunoprecipitation assay	27924024	Homo sapiens	GTRD	No
Q9Y458	50945	TBX22	chromatin immunoprecipitation assay	27924024	Homo sapiens	GTRD	No
Q8WY91	51078	THAP4	chromatin immunoprecipitation assay	27924024	Homo sapiens	GTRD	No
Q6GTX8	3903	LAIR1	chromatin immunoprecipitation assay	27924024	Homo sapiens	GTRD	No
O15350	7161	TP73	chromatin immunoprecipitation assay	27924024	Homo sapiens	GTRD	No
P48065	6539	SLC6A12	chromatin immunoprecipitation assay	27924024	Homo sapiens	GTRD	No
A2RTX5	123283	TARS3	chromatin immunoprecipitation assay	27924024	Homo sapiens	GTRD	No
Q5GJ75	388121	TNFAIP8L3	chromatin immunoprecipitation assay	27924024	Homo sapiens	GTRD	No
Q9Y5X0	29887	SNX10	chromatin immunoprecipitation assay	27924024	Homo sapiens	GTRD	No
O15126	9522	SCAMP1	chromatin immunoprecipitation assay	27924024	Homo sapiens	GTRD	No
Q9NY46	6328	SCN3A	chromatin immunoprecipitation assay	27924024	Homo sapiens	GTRD	No
Q96LW1	117608	ZNF354B	chromatin immunoprecipitation assay	27924024	Homo sapiens	GTRD	No
P19484	7942	TFEB	chromatin immunoprecipitation assay	27924024	Homo sapiens	GTRD	No
O75582	9252	RPS6KA5	chromatin immunoprecipitation assay	27924024	Homo sapiens	GTRD	No
Q13619	8451	CUL4A	chromatin immunoprecipitation assay	27924024	Homo sapiens	GTRD	No
Q92995	8975	USP13	chromatin immunoprecipitation assay	27924024	Homo sapiens	GTRD	No
Q6PJG2	91748	MIDEAS	chromatin immunoprecipitation assay	27924024	Homo sapiens	GTRD	No
Q9Y2U5	10746	MAP3K2	chromatin immunoprecipitation assay	27924024	Homo sapiens	GTRD	No
Q9Y256	9986	RCE1	chromatin immunoprecipitation assay	27924024	Homo sapiens	GTRD	No
A6NDD5	646658	SYNDIG1L	chromatin immunoprecipitation assay	27924024	Homo sapiens	GTRD	No
Q96MF6	93058	COQ10A	chromatin immunoprecipitation assay	27924024	Homo sapiens	GTRD	No
Q5T440	200205	IBA57	chromatin immunoprecipitation assay	27924024	Homo sapiens	GTRD	No
A5D8V6	55048	VPS37C	chromatin immunoprecipitation assay	27924024	Homo sapiens	GTRD	No
Q6ZV65	100129583,100631383	FAM47E	chromatin immunoprecipitation assay	27924024	Homo sapiens	GTRD	No
Q5T6C5	127002	ATXN7L2	chromatin immunoprecipitation assay	27924024	Homo sapiens	GTRD	No
Q9HBE1	23598	PATZ1	chromatin immunoprecipitation assay	27924024	Homo sapiens	GTRD	No
Q9NUQ9	51571	CYRIB	chromatin immunoprecipitation assay	27924024	Homo sapiens	GTRD	No
O95954	10841	FTCD	chromatin immunoprecipitation assay	27924024	Homo sapiens	GTRD	No
Q9H1Z9	83882	TSPAN10	chromatin immunoprecipitation assay	27924024	Homo sapiens	GTRD	No
Q15560	6919	TCEA2	chromatin immunoprecipitation assay	27924024	Homo sapiens	GTRD	No
Q9P2E3	57169	ZNFX1	chromatin immunoprecipitation assay	27924024	Homo sapiens	GTRD	No
Q9NRB3	55501	CHST12	chromatin immunoprecipitation assay	27924024	Homo sapiens	GTRD	No
Q9GZU7	58190	CTDSP1	chromatin immunoprecipitation assay	27924024	Homo sapiens	GTRD	No
Q8IVW8	124976	SPNS2	chromatin immunoprecipitation assay	27924024	Homo sapiens	GTRD	No
Q9BXW7	27440	HDHD5	chromatin immunoprecipitation assay	27924024	Homo sapiens	GTRD	No
Q9UHL4	29952	DPP7	chromatin immunoprecipitation assay	27924024	Homo sapiens	GTRD	No
Q8N5G2	55219	MACO1	chromatin immunoprecipitation assay	27924024	Homo sapiens	GTRD	No
P26196	1656	DDX6	chromatin immunoprecipitation assay	27924024	Homo sapiens	GTRD	No
O15460	8974	P4HA2	chromatin immunoprecipitation assay	27924024	Homo sapiens	GTRD	No
Q6UX98	254359	ZDHHC24	chromatin immunoprecipitation assay	27924024	Homo sapiens	GTRD	No
Q96PG8	27113	BBC3	chromatin immunoprecipitation assay	27924024	Homo sapiens	GTRD	No
Q9Y2G1	745	MYRF	chromatin immunoprecipitation assay	27924024	Homo sapiens	GTRD	No
Q8TED4	219855	SLC37A2	chromatin immunoprecipitation assay	27924024	Homo sapiens	GTRD	No
E7EVH7	NA	-	chromatin immunoprecipitation assay	27924024	Homo sapiens	GTRD	No
Q96F44	81559	TRIM11	chromatin immunoprecipitation assay	27924024	Homo sapiens	GTRD	No
Q9NZ56	56776	FMN2	chromatin immunoprecipitation assay	27924024	Homo sapiens	GTRD	No
Q5JR59	23281	MTUS2	chromatin immunoprecipitation assay	27924024	Homo sapiens	GTRD	No
Q9NPB1	56953	NT5M	chromatin immunoprecipitation assay	27924024	Homo sapiens	GTRD	No
Q7Z3E1	25976	TIPARP	chromatin immunoprecipitation assay	27924024	Homo sapiens	GTRD	No
Q96RY5	57585	CRAMP1	chromatin immunoprecipitation assay	27924024	Homo sapiens	GTRD	No
Q96C19	79180	EFHD2	chromatin immunoprecipitation assay	27924024	Homo sapiens	GTRD	No
P51787	3784	KCNQ1	chromatin immunoprecipitation assay	27924024	Homo sapiens	GTRD	No
V9GY48	NA	-	chromatin immunoprecipitation assay	27924024	Homo sapiens	GTRD	No
Q2KHR3	79832	QSER1	chromatin immunoprecipitation assay	27924024	Homo sapiens	GTRD	No
O75367	9555	MACROH2A1	chromatin immunoprecipitation assay	27924024	Homo sapiens	GTRD	No
Q8N465	728294	D2HGDH	chromatin immunoprecipitation assay	27924024	Homo sapiens	GTRD	No
Q9P0T4	51545	ZNF581	chromatin immunoprecipitation assay	27924024	Homo sapiens	GTRD	No
Q8TF61	150726	FBXO41	chromatin immunoprecipitation assay	27924024	Homo sapiens	GTRD	No
Q8NFP0	222659	PXT1	chromatin immunoprecipitation assay	27924024	Homo sapiens	GTRD	No
Q9UBI6	55970	GNG12	chromatin immunoprecipitation assay	27924024	Homo sapiens	GTRD	No
Q8TE60	170692	ADAMTS18	chromatin immunoprecipitation assay	27924024	Homo sapiens	GTRD	No
A5PLL7	387521,387522	TMEM189	chromatin immunoprecipitation assay	27924024	Homo sapiens	GTRD	No
Q9BSW2	84766	CRACR2A	chromatin immunoprecipitation assay	27924024	Homo sapiens	GTRD	No
P10071	2737	GLI3	chromatin immunoprecipitation assay	27924024	Homo sapiens	GTRD	No
A1A5C7	63027	SLC22A23	chromatin immunoprecipitation assay	27924024	Homo sapiens	GTRD	No
Q969M7	140739	UBE2F	chromatin immunoprecipitation assay	27924024	Homo sapiens	GTRD	No
Q9BQ49	79086	SMIM7	chromatin immunoprecipitation assay	27924024	Homo sapiens	GTRD	No
Q8WWI1	4008	LMO7	chromatin immunoprecipitation assay	27924024	Homo sapiens	GTRD	No
Q01130	6427	SRSF2	chromatin immunoprecipitation assay	27924024	Homo sapiens	GTRD	No
Q9HCU4	1952	CELSR2	chromatin immunoprecipitation assay	27924024	Homo sapiens	GTRD	No
P25325	4357	MPST	chromatin immunoprecipitation assay	27924024	Homo sapiens	GTRD	No
Q8WVI0	440957	SMIM4	chromatin immunoprecipitation assay	27924024	Homo sapiens	GTRD	No
Q9BWX5	140628	GATA5	chromatin immunoprecipitation assay	27924024	Homo sapiens	GTRD	No
Q9Y2H0	22839	DLGAP4	chromatin immunoprecipitation assay	27924024	Homo sapiens	GTRD	No
O75578	8515	ITGA10	chromatin immunoprecipitation assay	27924024	Homo sapiens	GTRD	No
Q99576	1831	TSC22D3	chromatin immunoprecipitation assay	27924024	Homo sapiens	GTRD	No
Q96SZ5	84890	ADO	chromatin immunoprecipitation assay	27924024	Homo sapiens	GTRD	No
Q9BZJ4	51629	SLC25A39	chromatin immunoprecipitation assay	27924024	Homo sapiens	GTRD	No
Q9NRR5	56893	UBQLN4	chromatin immunoprecipitation assay	27924024	Homo sapiens	GTRD	No
Q9NY64	29988	SLC2A8	chromatin immunoprecipitation assay	27924024	Homo sapiens	GTRD	No
Q9UKN5	11108	PRDM4	chromatin immunoprecipitation assay	27924024	Homo sapiens	GTRD	No
Q9Y6I3	29924	EPN1	chromatin immunoprecipitation assay	27924024	Homo sapiens	GTRD	No
Q13637	10981	RAB32	chromatin immunoprecipitation assay	27924024	Homo sapiens	GTRD	No
Q96J66	85320	ABCC11	chromatin immunoprecipitation assay	27924024	Homo sapiens	GTRD	No
Q5TA89	388585	HES5	chromatin immunoprecipitation assay	27924024	Homo sapiens	GTRD	No
Q9NXV2	54442	KCTD5	chromatin immunoprecipitation assay	27924024	Homo sapiens	GTRD	No
O14901	8462	KLF11	chromatin immunoprecipitation assay	27924024	Homo sapiens	GTRD	No
Q8N474	6422	SFRP1	chromatin immunoprecipitation assay	27924024	Homo sapiens	GTRD	No
Q9Y4F9	9750	RIPOR2	chromatin immunoprecipitation assay	27924024	Homo sapiens	GTRD	No
Q8IXY8	285755	PPIL6	chromatin immunoprecipitation assay	27924024	Homo sapiens	GTRD	No
Q13536	10485	MIR9-1HG	chromatin immunoprecipitation assay	27924024	Homo sapiens	GTRD	No
Q8TBE0	22893	BAHD1	chromatin immunoprecipitation assay	27924024	Homo sapiens	GTRD	No
Q9BVG8	3801	KIFC3	chromatin immunoprecipitation assay	27924024	Homo sapiens	GTRD	No
Q9NZH0	51704	GPRC5B	chromatin immunoprecipitation assay	27924024	Homo sapiens	GTRD	No
Q9NVV0	55151	TMEM38B	chromatin immunoprecipitation assay	27924024	Homo sapiens	GTRD	No
P15036	2114	ETS2	chromatin immunoprecipitation assay	27924024	Homo sapiens	GTRD	No
O15355	5496	PPM1G	chromatin immunoprecipitation assay	27924024	Homo sapiens	GTRD	No
Q08629	6695	SPOCK1	chromatin immunoprecipitation assay	27924024	Homo sapiens	GTRD	No
Q13233	4214	MAP3K1	chromatin immunoprecipitation assay	27924024	Homo sapiens	GTRD	No
Q96HE7	30001	ERO1A	chromatin immunoprecipitation assay	27924024	Homo sapiens	GTRD	No
Q13009	7074	TIAM1	chromatin immunoprecipitation assay	27924024	Homo sapiens	GTRD	No
A1IGU5	389337	ARHGEF37	chromatin immunoprecipitation assay	27924024	Homo sapiens	GTRD	No
Q9UPA5	8927	BSN	chromatin immunoprecipitation assay	27924024	Homo sapiens	GTRD	No
P11532	1756	DMD	chromatin immunoprecipitation assay	27924024	Homo sapiens	GTRD	No
A0A087WT57	NA	-	chromatin immunoprecipitation assay	27924024	Homo sapiens	GTRD	No
Q6P1L5	150864	FAM117B	chromatin immunoprecipitation assay	27924024	Homo sapiens	GTRD	No
A0A1B0GVF1	NA	-	chromatin immunoprecipitation assay	27924024	Homo sapiens	GTRD	No
Q569H4	51334	PRR16	chromatin immunoprecipitation assay	27924024	Homo sapiens	GTRD	No
Q6IE81	79960	JADE1	chromatin immunoprecipitation assay	27924024	Homo sapiens	GTRD	No
Q96PX9	153478	PLEKHG4B	chromatin immunoprecipitation assay	27924024	Homo sapiens	GTRD	No
O75385	8408	ULK1	chromatin immunoprecipitation assay	27924024	Homo sapiens	GTRD	No
Q96FE5	84894	LINGO1	chromatin immunoprecipitation assay	27924024	Homo sapiens	GTRD	No
Q9Y4G8	9693	RAPGEF2	chromatin immunoprecipitation assay	27924024	Homo sapiens	GTRD	No
Q8WUY1	51337	THEM6	chromatin immunoprecipitation assay	27924024	Homo sapiens	GTRD	No
Q6UXM1	121227	LRIG3	chromatin immunoprecipitation assay	27924024	Homo sapiens	GTRD	No
P15884	6925	TCF4	chromatin immunoprecipitation assay	27924024	Homo sapiens	GTRD	No
P68363	10376	TUBA1B	chromatin immunoprecipitation assay	27924024	Homo sapiens	GTRD	No
Q15464	6461	SHB	chromatin immunoprecipitation assay	27924024	Homo sapiens	GTRD	No
Q13444	8751	ADAM15	chromatin immunoprecipitation assay	27924024	Homo sapiens	GTRD	No
P42858	3064	HTT	chromatin immunoprecipitation assay	27924024	Homo sapiens	GTRD	No
P01344	3481	IGF2	chromatin immunoprecipitation assay	27924024	Homo sapiens	GTRD	No
Q8NFA2	124056	NOXO1	chromatin immunoprecipitation assay	27924024	Homo sapiens	GTRD	No
P57721	54039	PCBP3	chromatin immunoprecipitation assay	27924024	Homo sapiens	GTRD	No
Q9HAT8	57161	PELI2	chromatin immunoprecipitation assay	27924024	Homo sapiens	GTRD	No
Q15139	5587	PRKD1	chromatin immunoprecipitation assay	27924024	Homo sapiens	GTRD	No
A6QL63	121551	BTBD11	chromatin immunoprecipitation assay	27924024	Homo sapiens	GTRD	No
Q15262	5796	PTPRK	chromatin immunoprecipitation assay	27924024	Homo sapiens	GTRD	No
Q13242	8683	SRSF9	chromatin immunoprecipitation assay	27924024	Homo sapiens	GTRD	No
P21817	6261	RYR1	chromatin immunoprecipitation assay	27924024	Homo sapiens	GTRD	No
Q2NKQ1	129049	SGSM1	chromatin immunoprecipitation assay	27924024	Homo sapiens	GTRD	No
B4DS77	729993	SHISA9	chromatin immunoprecipitation assay	27924024	Homo sapiens	GTRD	No
Q9HCF6	80036	TRPM3	chromatin immunoprecipitation assay	27924024	Homo sapiens	GTRD	No
Q5EB52	4232	MEST	chromatin immunoprecipitation assay	27924024	Homo sapiens	GTRD	No
Q8TF66	131578	LRRC15	chromatin immunoprecipitation assay	27924024	Homo sapiens	GTRD	No
O00198	8739	HRK	chromatin immunoprecipitation assay	27924024	Homo sapiens	GTRD	No
Q9BYL1	140700	SAMD10	chromatin immunoprecipitation assay	27924024	Homo sapiens	GTRD	No
Q8IUI8	51379	CRLF3	chromatin immunoprecipitation assay	27924024	Homo sapiens	GTRD	No
Q9Y6K1	1788	DNMT3A	chromatin immunoprecipitation assay	27924024	Homo sapiens	GTRD	No
Q641Q3	284207	METRNL	chromatin immunoprecipitation assay	27924024	Homo sapiens	GTRD	No
Q8IVL1	89797	NAV2	chromatin immunoprecipitation assay	27924024	Homo sapiens	GTRD	No
Q9BSW7	51760	SYT17	chromatin immunoprecipitation assay	27924024	Homo sapiens	GTRD	No
P37235	3241	HPCAL1	chromatin immunoprecipitation assay	27924024	Homo sapiens	GTRD	No
Q01974	4920	ROR2	chromatin immunoprecipitation assay	27924024	Homo sapiens	GTRD	No
Q8WUZ0	9274	BCL7C	chromatin immunoprecipitation assay	27924024	Homo sapiens	GTRD	No
Q9UPQ7	23024	PDZRN3	chromatin immunoprecipitation assay	27924024	Homo sapiens	GTRD	No
Q13554	816	CAMK2B	chromatin immunoprecipitation assay	27924024	Homo sapiens	GTRD	No
Q1W6H9	642273	FAM110C	chromatin immunoprecipitation assay	27924024	Homo sapiens	GTRD	No
Q6IFH4	389090	OR6B2	chromatin immunoprecipitation assay	27924024	Homo sapiens	GTRD	No
Q96A44	92369	SPSB4	chromatin immunoprecipitation assay	27924024	Homo sapiens	GTRD	No
O75069	9911	TMCC2	chromatin immunoprecipitation assay	27924024	Homo sapiens	GTRD	No
Q16613	15	AANAT	chromatin immunoprecipitation assay	27924024	Homo sapiens	GTRD	No
P62826	5901	RAN	chromatin immunoprecipitation assay	27924024	Homo sapiens	GTRD	No
Q13352	23421	ITGB3BP	chromatin immunoprecipitation assay	27924024	Homo sapiens	GTRD	No
P27987	3707	ITPKB	chromatin immunoprecipitation assay	27924024	Homo sapiens	GTRD	No
Q96M96	121512	FGD4	chromatin immunoprecipitation assay	27924024	Homo sapiens	GTRD	No
Q8WUI4	51564	HDAC7	chromatin immunoprecipitation assay	27924024	Homo sapiens	GTRD	No
O43610	10251	SPRY3	chromatin immunoprecipitation assay	27924024	Homo sapiens	GTRD	No
Q9P283	54437	SEMA5B	chromatin immunoprecipitation assay	27924024	Homo sapiens	GTRD	No
Q9BXJ7	81693	AMN	chromatin immunoprecipitation assay	27924024	Homo sapiens	GTRD	No
Q9UKQ2	10863	ADAM28	chromatin immunoprecipitation assay	27924024	Homo sapiens	GTRD	No
Q96PZ7	64478	CSMD1	chromatin immunoprecipitation assay	27924024	Homo sapiens	GTRD	No
Q5T2S8	55130	ARMC4	chromatin immunoprecipitation assay	27924024	Homo sapiens	GTRD	No
Q8N4Z0	115273	RAB42	chromatin immunoprecipitation assay	27924024	Homo sapiens	GTRD	No
O95977	8698	S1PR4	chromatin immunoprecipitation assay	27924024	Homo sapiens	GTRD	No
O75179	26057	ANKRD17	chromatin immunoprecipitation assay	27924024	Homo sapiens	GTRD	No
Q14703	8720	MBTPS1	chromatin immunoprecipitation assay	27924024	Homo sapiens	GTRD	No
Q15583	7050	TGIF1	chromatin immunoprecipitation assay	27924024	Homo sapiens	GTRD	No
Q13563	5311	PKD2	chromatin immunoprecipitation assay	27924024	Homo sapiens	GTRD	No
Q03164	4297	KMT2A	chromatin immunoprecipitation assay	27924024	Homo sapiens	GTRD	No
Q9C0A6	55209	SETD5	chromatin immunoprecipitation assay	27924024	Homo sapiens	GTRD	No
Q96LK0	84984	CEP19	chromatin immunoprecipitation assay	27924024	Homo sapiens	GTRD	No
P51397	1611	DAP	chromatin immunoprecipitation assay	27924024	Homo sapiens	GTRD	No
Q2TBC4	29964	PRICKLE4	chromatin immunoprecipitation assay	27924024	Homo sapiens	GTRD	No
Q29RF7	23244	PDS5A	chromatin immunoprecipitation assay	27924024	Homo sapiens	GTRD	No
P14921	2113	ETS1	chromatin immunoprecipitation assay	27924024	Homo sapiens	GTRD	No
Q8N0W4	57502	NLGN4X	chromatin immunoprecipitation assay	27924024	Homo sapiens	GTRD	No
P50416	1374	CPT1A	chromatin immunoprecipitation assay	27924024	Homo sapiens	GTRD	No
Q8IYN2	90843	TCEAL8	chromatin immunoprecipitation assay	27924024	Homo sapiens	GTRD	No
O95674	8760	CDS2	chromatin immunoprecipitation assay	27924024	Homo sapiens	GTRD	No
Q9HB90	64121	RRAGC	chromatin immunoprecipitation assay	27924024	Homo sapiens	GTRD	No
Q9H313	57348	TTYH1	chromatin immunoprecipitation assay	27924024	Homo sapiens	GTRD	No
Q9BSJ2	10844	TUBGCP2	chromatin immunoprecipitation assay	27924024	Homo sapiens	GTRD	No
O95573	2181	ACSL3	chromatin immunoprecipitation assay	27924024	Homo sapiens	GTRD	No
Q9NVH1	55735	DNAJC11	chromatin immunoprecipitation assay	27924024	Homo sapiens	GTRD	No
Q15056	7458	EIF4H	chromatin immunoprecipitation assay	27924024	Homo sapiens	GTRD	No
Q6AZY7	51435	SCARA3	chromatin immunoprecipitation assay	27924024	Homo sapiens	GTRD	No
Q8N488	23429	RYBP	chromatin immunoprecipitation assay	27924024	Homo sapiens	GTRD	No
P01160	4878	NPPA	chromatin immunoprecipitation assay	27924024	Homo sapiens	GTRD	No
P20594	4882	NPR2	chromatin immunoprecipitation assay	27924024	Homo sapiens	GTRD	No
O43909	2137	EXTL3	chromatin immunoprecipitation assay	27924024	Homo sapiens	GTRD	No
O95248	6305	SBF1	chromatin immunoprecipitation assay	27924024	Homo sapiens	GTRD	No
Q7RTP0	123606	NIPA1	chromatin immunoprecipitation assay	27924024	Homo sapiens	GTRD	No
P11234	5899	RALB	chromatin immunoprecipitation assay	27924024	Homo sapiens	GTRD	No
P50851	987	LRBA	chromatin immunoprecipitation assay	27924024	Homo sapiens	GTRD	No
A6NFY4	100131211	NEMP2	chromatin immunoprecipitation assay	27924024	Homo sapiens	GTRD	No
Q9NP60	26280	IL1RAPL2	chromatin immunoprecipitation assay	27924024	Homo sapiens	GTRD	No
O95147	11072	DUSP14	chromatin immunoprecipitation assay	27924024	Homo sapiens	GTRD	No
Q1X8D7	55282	LRRC36	chromatin immunoprecipitation assay	27924024	Homo sapiens	GTRD	No
Q9P2H5	57558	USP35	chromatin immunoprecipitation assay	27924024	Homo sapiens	GTRD	No
Q13572	3705	ITPK1	chromatin immunoprecipitation assay	27924024	Homo sapiens	GTRD	No
Q05193	1759	DNM1	chromatin immunoprecipitation assay	27924024	Homo sapiens	GTRD	No
Q96IZ0	5074	PAWR	chromatin immunoprecipitation assay	27924024	Homo sapiens	GTRD	No
Q86V15	54897	CASZ1	chromatin immunoprecipitation assay	27924024	Homo sapiens	GTRD	No
Q9C0B5	25921	ZDHHC5	chromatin immunoprecipitation assay	27924024	Homo sapiens	GTRD	No
Q9UBN1	27092	CACNG4	chromatin immunoprecipitation assay	27924024	Homo sapiens	GTRD	No
P50750	1025	CDK9	chromatin immunoprecipitation assay	27924024	Homo sapiens	GTRD	No
O43707	81	ACTN4	chromatin immunoprecipitation assay	27924024	Homo sapiens	GTRD	No
Q9NWF9	54476	RNF216	chromatin immunoprecipitation assay	27924024	Homo sapiens	GTRD	No
Q7Z4H4	79924	ADM2	chromatin immunoprecipitation assay	27924024	Homo sapiens	GTRD	No
Q969R2	23762	OSBP2	chromatin immunoprecipitation assay	27924024	Homo sapiens	GTRD	No
Q8NCR0	148789	B3GALNT2	chromatin immunoprecipitation assay	27924024	Homo sapiens	GTRD	No
Q8NEA6	169792	GLIS3	chromatin immunoprecipitation assay	27924024	Homo sapiens	GTRD	No
Q04726	7090	TLE3	chromatin immunoprecipitation assay	27924024	Homo sapiens	GTRD	No
Q13370	5140	PDE3B	chromatin immunoprecipitation assay	27924024	Homo sapiens	GTRD	No
Q9ULP9	57465	TBC1D24	chromatin immunoprecipitation assay	27924024	Homo sapiens	GTRD	No
A0A075B700	NA	TRAJ31	chromatin immunoprecipitation assay	27924024	Homo sapiens	GTRD	No
Q9H322	51480	VCX2	chromatin immunoprecipitation assay	27924024	Homo sapiens	GTRD	No
P08246	1991	ELANE	chromatin immunoprecipitation assay	27924024	Homo sapiens	GTRD	No
O15066	9371	KIF3B	chromatin immunoprecipitation assay	27924024	Homo sapiens	GTRD	No
Q13045	2314	FLII	chromatin immunoprecipitation assay	27924024	Homo sapiens	GTRD	No
Q66K14	23061	TBC1D9B	chromatin immunoprecipitation assay	27924024	Homo sapiens	GTRD	No
Q9UPE1	26576	SRPK3	chromatin immunoprecipitation assay	27924024	Homo sapiens	GTRD	No
O14924	6002	RGS12	chromatin immunoprecipitation assay	27924024	Homo sapiens	GTRD	No
Q8IVL6	10536	P3H3	chromatin immunoprecipitation assay	27924024	Homo sapiens	GTRD	No
Q9BRK0	51308	REEP2	chromatin immunoprecipitation assay	27924024	Homo sapiens	GTRD	No
Q2M1K9	23090	ZNF423	chromatin immunoprecipitation assay	27924024	Homo sapiens	GTRD	No
Q8WYL5	54434	SSH1	chromatin immunoprecipitation assay	27924024	Homo sapiens	GTRD	No
Q86XR5	145270	PRIMA1	chromatin immunoprecipitation assay	27924024	Homo sapiens	GTRD	No
O75298	6253	RTN2	chromatin immunoprecipitation assay	27924024	Homo sapiens	GTRD	No
O60941	1838	DTNB	chromatin immunoprecipitation assay	27924024	Homo sapiens	GTRD	No
O43918	326	AIRE	chromatin immunoprecipitation assay	27924024	Homo sapiens	GTRD	No
Q16842	6483	ST3GAL2	chromatin immunoprecipitation assay	27924024	Homo sapiens	GTRD	No
P56182	8568	RRP1	chromatin immunoprecipitation assay	27924024	Homo sapiens	GTRD	No
P52757	1124	CHN2	chromatin immunoprecipitation assay	27924024	Homo sapiens	GTRD	No
Q05C16	220416	LRRC63	chromatin immunoprecipitation assay	27924024	Homo sapiens	GTRD	No
O95995	2622	GAS8	chromatin immunoprecipitation assay	27924024	Homo sapiens	GTRD	No
P07902	2592	GALT	chromatin immunoprecipitation assay	27924024	Homo sapiens	GTRD	No
Q9Y4K4	11183	MAP4K5	chromatin immunoprecipitation assay	27924024	Homo sapiens	GTRD	No
O75197	4041	LRP5	chromatin immunoprecipitation assay	27924024	Homo sapiens	GTRD	No
P56696	9132	KCNQ4	chromatin immunoprecipitation assay	27924024	Homo sapiens	GTRD	No
Q9H6S3	64787	EPS8L2	chromatin immunoprecipitation assay	27924024	Homo sapiens	GTRD	No
Q8TD91	139081	MAGEC3	chromatin immunoprecipitation assay	27924024	Homo sapiens	GTRD	No
Q9C0C4	54910	SEMA4C	chromatin immunoprecipitation assay	27924024	Homo sapiens	GTRD	No
P63096	2770	GNAI1	chromatin immunoprecipitation assay	27924024	Homo sapiens	GTRD	No
Q86XA9	25938	HEATR5A	chromatin immunoprecipitation assay	27924024	Homo sapiens	GTRD	No
O75096	4038	LRP4	chromatin immunoprecipitation assay	27924024	Homo sapiens	GTRD	No
Q9H1A3	51108	METTL9	chromatin immunoprecipitation assay	27924024	Homo sapiens	GTRD	No
A1L188	284184	NDUFAF8	chromatin immunoprecipitation assay	27924024	Homo sapiens	GTRD	No
Q9UGP4	8994	LIMD1	chromatin immunoprecipitation assay	27924024	Homo sapiens	GTRD	No
Q49AM1	80298	MTERF2	chromatin immunoprecipitation assay	27924024	Homo sapiens	GTRD	No
Q8NEB5	84513	PLPP5	chromatin immunoprecipitation assay	27924024	Homo sapiens	GTRD	No
Q9NPF2	50515	CHST11	chromatin immunoprecipitation assay	27924024	Homo sapiens	GTRD	No
P67809	4904	YBX1	chromatin immunoprecipitation assay	27924024	Homo sapiens	GTRD	No
H3BMG3	100287482	SMKR1	chromatin immunoprecipitation assay	27924024	Homo sapiens	GTRD	No
O94812	8938	BAIAP3	chromatin immunoprecipitation assay	27924024	Homo sapiens	GTRD	No
Q16829	1849	DUSP7	chromatin immunoprecipitation assay	27924024	Homo sapiens	GTRD	No
O15075	9201	DCLK1	chromatin immunoprecipitation assay	27924024	Homo sapiens	GTRD	No
Q8N2K0	26090	ABHD12	chromatin immunoprecipitation assay	27924024	Homo sapiens	GTRD	No
Q9NX95	55638	SYBU	chromatin immunoprecipitation assay	27924024	Homo sapiens	GTRD	No
Q9NR80	50649	ARHGEF4	chromatin immunoprecipitation assay	27924024	Homo sapiens	GTRD	No
Q6DT37	55561	CDC42BPG	chromatin immunoprecipitation assay	27924024	Homo sapiens	GTRD	No
Q9H845	28976	ACAD9	chromatin immunoprecipitation assay	27924024	Homo sapiens	GTRD	No
Q9ULT0	57217	TTC7A	chromatin immunoprecipitation assay	27924024	Homo sapiens	GTRD	No
P04114	338	APOB	chromatin immunoprecipitation assay	27924024	Homo sapiens	GTRD	No
P30049	513	ATP5F1D	chromatin immunoprecipitation assay	27924024	Homo sapiens	GTRD	No
Q13568	3663	IRF5	chromatin immunoprecipitation assay	27924024	Homo sapiens	GTRD	No
Q03169	7127	TNFAIP2	chromatin immunoprecipitation assay	27924024	Homo sapiens	GTRD	No
Q86W34	51321	AMZ2	chromatin immunoprecipitation assay	27924024	Homo sapiens	GTRD	No
Q7Z2X4	55022	PID1	chromatin immunoprecipitation assay	27924024	Homo sapiens	GTRD	No
P07911	7369	UMOD	chromatin immunoprecipitation assay	27924024	Homo sapiens	GTRD	No
Q13467	7855	FZD5	chromatin immunoprecipitation assay	27924024	Homo sapiens	GTRD	No
P27487	1803	DPP4	chromatin immunoprecipitation assay	27924024	Homo sapiens	GTRD	No
Q96H96	NA	COQ2	chromatin immunoprecipitation assay	27924024	Homo sapiens	GTRD	No
P53805	1827	RCAN1	chromatin immunoprecipitation assay	27924024	Homo sapiens	GTRD	No
Q9UPU3	22986	SORCS3	chromatin immunoprecipitation assay	27924024	Homo sapiens	GTRD	No
Q9Y2I9	23329	TBC1D30	chromatin immunoprecipitation assay	27924024	Homo sapiens	GTRD	No
Q9HC96	11132	CAPN10	chromatin immunoprecipitation assay	27924024	Homo sapiens	GTRD	No
Q15386	9690	UBE3C	chromatin immunoprecipitation assay	27924024	Homo sapiens	GTRD	No
Q9C0D3	79699	ZYG11B	chromatin immunoprecipitation assay	27924024	Homo sapiens	GTRD	No
Q9UHQ4	55973	BCAP29	chromatin immunoprecipitation assay	27924024	Homo sapiens	GTRD	No
O60524	9147	NEMF	chromatin immunoprecipitation assay	27924024	Homo sapiens	GTRD	No
P01266	7038	TG	chromatin immunoprecipitation assay	27924024	Homo sapiens	GTRD	No
Q8N4L1	256472	TMEM151A	chromatin immunoprecipitation assay	27924024	Homo sapiens	GTRD	No
Q9NPG1	7976	FZD3	chromatin immunoprecipitation assay	27924024	Homo sapiens	GTRD	No
Q14919	10589	DRAP1	chromatin immunoprecipitation assay	27924024	Homo sapiens	GTRD	No
P54259	1822	ATN1	chromatin immunoprecipitation assay	27924024	Homo sapiens	GTRD	No
P50219	3110	MNX1	chromatin immunoprecipitation assay	27924024	Homo sapiens	GTRD	No
Q9P1Y5	57662	CAMSAP3	chromatin immunoprecipitation assay	27924024	Homo sapiens	GTRD	No
Q9NQV5	56981	PRDM11	chromatin immunoprecipitation assay	27924024	Homo sapiens	GTRD	No
Q9H116	64412	GZF1	chromatin immunoprecipitation assay	27924024	Homo sapiens	GTRD	No
Q8NE28	169436	STKLD1	chromatin immunoprecipitation assay	27924024	Homo sapiens	GTRD	No
P11362	2260	FGFR1	chromatin immunoprecipitation assay	27924024	Homo sapiens	GTRD	No
Q9HAH7	64319	FBRS	chromatin immunoprecipitation assay	27924024	Homo sapiens	GTRD	No
P61296	9464	HAND2	chromatin immunoprecipitation assay	27924024	Homo sapiens	GTRD	No
P31321	5575	PRKAR1B	chromatin immunoprecipitation assay	27924024	Homo sapiens	GTRD	No
P0DPA2	391123	VSIG8	chromatin immunoprecipitation assay	27924024	Homo sapiens	GTRD	No
Q8TDX6	55790	CSGALNACT1	chromatin immunoprecipitation assay	27924024	Homo sapiens	GTRD	No
O14841	26873	OPLAH	chromatin immunoprecipitation assay	27924024	Homo sapiens	GTRD	No
O14617	8943	AP3D1	chromatin immunoprecipitation assay	27924024	Homo sapiens	GTRD	No
P17097	7553	ZNF7	chromatin immunoprecipitation assay	27924024	Homo sapiens	GTRD	No
Q8TCX5	114822	RHPN1	chromatin immunoprecipitation assay	27924024	Homo sapiens	GTRD	No
Q6UWP2	79154	DHRS11	chromatin immunoprecipitation assay	27924024	Homo sapiens	GTRD	No
Q9P2K2	57544	TXNDC16	chromatin immunoprecipitation assay	27924024	Homo sapiens	GTRD	No
Q9H2C2	64801	ARV1	chromatin immunoprecipitation assay	27924024	Homo sapiens	GTRD	No
Q9NTW7	55734	ZFP64	chromatin immunoprecipitation assay	27924024	Homo sapiens	GTRD	No
Q06136	2531	KDSR	chromatin immunoprecipitation assay	27924024	Homo sapiens	GTRD	No
Q9C0E2	64328	XPO4	chromatin immunoprecipitation assay	27924024	Homo sapiens	GTRD	No
Q8N5M1	91647	ATPAF2	chromatin immunoprecipitation assay	27924024	Homo sapiens	GTRD	No
O94808	9945	GFPT2	chromatin immunoprecipitation assay	27924024	Homo sapiens	GTRD	No
Q8NB25	79632	FAM184A	chromatin immunoprecipitation assay	27924024	Homo sapiens	GTRD	No
Q8IZ20	257101	ZNF683	chromatin immunoprecipitation assay	27924024	Homo sapiens	GTRD	No
P01275	2641	GCG	chromatin immunoprecipitation assay	27924024	Homo sapiens	GTRD	No
Q6P6B7	54522	ANKRD16	chromatin immunoprecipitation assay	27924024	Homo sapiens	GTRD	No
Q8TEJ3	344558	SH3RF3	chromatin immunoprecipitation assay	27924024	Homo sapiens	GTRD	No
P78368	1455	CSNK1G2	chromatin immunoprecipitation assay	27924024	Homo sapiens	GTRD	No
O60309	374819	LRRC37A3	chromatin immunoprecipitation assay	27924024	Homo sapiens	GTRD	No
O94830	23259	DDHD2	chromatin immunoprecipitation assay	27924024	Homo sapiens	GTRD	No
Q9HAZ2	63976	PRDM16	chromatin immunoprecipitation assay	27924024	Homo sapiens	GTRD	No
Q9ULS6	3788	KCNS2	chromatin immunoprecipitation assay	27924024	Homo sapiens	GTRD	No
Q9BRK5	51150	SDF4	chromatin immunoprecipitation assay	27924024	Homo sapiens	GTRD	No
Q07812	581	BAX	chromatin immunoprecipitation assay	27924024	Homo sapiens	GTRD	No
Q4VC44	84256	FLYWCH1	chromatin immunoprecipitation assay	27924024	Homo sapiens	GTRD	No
Q96GI7	375061	FAM89A	chromatin immunoprecipitation assay	27924024	Homo sapiens	GTRD	No
O60331	23396	PIP5K1C	chromatin immunoprecipitation assay	27924024	Homo sapiens	GTRD	No
A0A087X0T9	NA	-	chromatin immunoprecipitation assay	27924024	Homo sapiens	GTRD	No
A1X283	285590	SH3PXD2B	chromatin immunoprecipitation assay	27924024	Homo sapiens	GTRD	No
Q6IC98	23151	GRAMD4	chromatin immunoprecipitation assay	27924024	Homo sapiens	GTRD	No
O00512	607	BCL9	chromatin immunoprecipitation assay	27924024	Homo sapiens	GTRD	No
Q86X53	157697	ERICH1	chromatin immunoprecipitation assay	27924024	Homo sapiens	GTRD	No
Q9UPT9	23326	USP22	chromatin immunoprecipitation assay	27924024	Homo sapiens	GTRD	No
Q01167	3607	FOXK2	chromatin immunoprecipitation assay	27924024	Homo sapiens	GTRD	No
Q13485	4089	SMAD4	chromatin immunoprecipitation assay	27924024	Homo sapiens	GTRD	No
Q969S6	94107	TMEM203	chromatin immunoprecipitation assay	27924024	Homo sapiens	GTRD	No
Q8IZ07	88455	ANKRD13A	chromatin immunoprecipitation assay	27924024	Homo sapiens	GTRD	No
Q9Y2K7	22992	KDM2A	chromatin immunoprecipitation assay	27924024	Homo sapiens	GTRD	No
Q14524	6331	SCN5A	chromatin immunoprecipitation assay	27924024	Homo sapiens	GTRD	No
P34903	2556	GABRA3	chromatin immunoprecipitation assay	27924024	Homo sapiens	GTRD	No
A0A096LNT2	NA	-	chromatin immunoprecipitation assay	27924024	Homo sapiens	GTRD	No
Q8NBS3	83959	SLC4A11	chromatin immunoprecipitation assay	27924024	Homo sapiens	GTRD	No
O76039	6792	CDKL5	chromatin immunoprecipitation assay	27924024	Homo sapiens	GTRD	No
Q9H1D0	55503	TRPV6	chromatin immunoprecipitation assay	27924024	Homo sapiens	GTRD	No
Q9UM47	4854	NOTCH3	chromatin immunoprecipitation assay	27924024	Homo sapiens	GTRD	No
Q13283	10146	G3BP1	chromatin immunoprecipitation assay	27924024	Homo sapiens	GTRD	No
O60318	8888	MCM3AP	chromatin immunoprecipitation assay	27924024	Homo sapiens	GTRD	No
Q8IX05	9936	CD302	chromatin immunoprecipitation assay	27924024	Homo sapiens	GTRD	No
Q96DX7	54765	TRIM44	chromatin immunoprecipitation assay	27924024	Homo sapiens	GTRD	No
Q16342	5134	PDCD2	chromatin immunoprecipitation assay	27924024	Homo sapiens	GTRD	No
O76061	8614	STC2	chromatin immunoprecipitation assay	27924024	Homo sapiens	GTRD	No
Q9UL46	5721	PSME2	chromatin immunoprecipitation assay	27924024	Homo sapiens	GTRD	No
Q13797	3680	ITGA9	chromatin immunoprecipitation assay	27924024	Homo sapiens	GTRD	No
Q9UHB6	51474	LIMA1	chromatin immunoprecipitation assay	27924024	Homo sapiens	GTRD	No
P13378	3234	HOXD8	chromatin immunoprecipitation assay	27924024	Homo sapiens	GTRD	No
Q9NUJ3	55346	TCP11L1	chromatin immunoprecipitation assay	27924024	Homo sapiens	GTRD	No
O00622	3491	CCN1	chromatin immunoprecipitation assay	27924024	Homo sapiens	GTRD	No
Q96CX6	116064	LRRC58	chromatin immunoprecipitation assay	27924024	Homo sapiens	GTRD	No
Q6PIL6	80333	KCNIP4	chromatin immunoprecipitation assay	27924024	Homo sapiens	GTRD	No
Q9UK45	51690	LSM7	chromatin immunoprecipitation assay	27924024	Homo sapiens	GTRD	No
Q7Z6J9	283989	TSEN54	chromatin immunoprecipitation assay	27924024	Homo sapiens	GTRD	No
Q96B86	56963	RGMA	chromatin immunoprecipitation assay	27924024	Homo sapiens	GTRD	No
A6NCL1	647309	GMNC	chromatin immunoprecipitation assay	27924024	Homo sapiens	GTRD	No
Q9NYK6	54149	EURL	chromatin immunoprecipitation assay	27924024	Homo sapiens	GTRD	No
Q5TAA0	55001	TTC22	chromatin immunoprecipitation assay	27924024	Homo sapiens	GTRD	No
O95069	3776	KCNK2	chromatin immunoprecipitation assay	27924024	Homo sapiens	GTRD	No
P52569	6542	SLC7A2	chromatin immunoprecipitation assay	27924024	Homo sapiens	GTRD	No
Q96S21	57799	RAB40C	chromatin immunoprecipitation assay	27924024	Homo sapiens	GTRD	No
Q14C87	121256	TMEM132D	chromatin immunoprecipitation assay	27924024	Homo sapiens	GTRD	No
P11055	4621	MYH3	chromatin immunoprecipitation assay	27924024	Homo sapiens	GTRD	No
Q9UPX0	22997	IGSF9B	chromatin immunoprecipitation assay	27924024	Homo sapiens	GTRD	No
Q8NC44	79137	RETREG2	chromatin immunoprecipitation assay	27924024	Homo sapiens	GTRD	No
P31629	3097	HIVEP2	chromatin immunoprecipitation assay	27924024	Homo sapiens	GTRD	No
Q16553	4061	LY6E	chromatin immunoprecipitation assay	27924024	Homo sapiens	GTRD	No
Q08174	5097	PCDH1	chromatin immunoprecipitation assay	27924024	Homo sapiens	GTRD	No
H7BY64	NA	ZNF511-PRAP1	chromatin immunoprecipitation assay	27924024	Homo sapiens	GTRD	No
Q8NFF2	123041	SLC24A4	chromatin immunoprecipitation assay	27924024	Homo sapiens	GTRD	No
Q9H0B6	64837	KLC2	chromatin immunoprecipitation assay	27924024	Homo sapiens	GTRD	No
Q4G148	283464	GXYLT1	chromatin immunoprecipitation assay	27924024	Homo sapiens	GTRD	No
P0DP24	801,805,808	CALM2	chromatin immunoprecipitation assay	27924024	Homo sapiens	GTRD	No
A0PK00	144404	TMEM120B	chromatin immunoprecipitation assay	27924024	Homo sapiens	GTRD	No
Q96JN0	84458	LCOR	chromatin immunoprecipitation assay	27924024	Homo sapiens	GTRD	No
Q3T906	79158	GNPTAB	chromatin immunoprecipitation assay	27924024	Homo sapiens	GTRD	No
P51610	3054	HCFC1	chromatin immunoprecipitation assay	27924024	Homo sapiens	GTRD	No
Q04771	90	ACVR1	chromatin immunoprecipitation assay	27924024	Homo sapiens	GTRD	No
Q8NAT1	84892	POMGNT2	chromatin immunoprecipitation assay	27924024	Homo sapiens	GTRD	No
Q14331	2483	FRG1	chromatin immunoprecipitation assay	27924024	Homo sapiens	GTRD	No
Q12926	1993	ELAVL2	chromatin immunoprecipitation assay	27924024	Homo sapiens	GTRD	No
Q68CQ7	55830	GLT8D1	chromatin immunoprecipitation assay	27924024	Homo sapiens	GTRD	No
Q6P1R4	64118	DUS1L	chromatin immunoprecipitation assay	27924024	Homo sapiens	GTRD	No
Q8NFU5	253430	IPMK	chromatin immunoprecipitation assay	27924024	Homo sapiens	GTRD	No
P26006	3675	ITGA3	chromatin immunoprecipitation assay	27924024	Homo sapiens	GTRD	No
P04150	2908	NR3C1	chromatin immunoprecipitation assay	27924024	Homo sapiens	GTRD	No
Q9UPV7	23349	PHF24	chromatin immunoprecipitation assay	27924024	Homo sapiens	GTRD	No
Q9ULD8	23416	KCNH3	chromatin immunoprecipitation assay	27924024	Homo sapiens	GTRD	No
Q96AY3	60681	FKBP10	chromatin immunoprecipitation assay	27924024	Homo sapiens	GTRD	No
Q14643	3708	ITPR1	chromatin immunoprecipitation assay	27924024	Homo sapiens	GTRD	No
Q02962	5076	PAX2	chromatin immunoprecipitation assay	27924024	Homo sapiens	GTRD	No
Q96FZ7	79643	CHMP6	chromatin immunoprecipitation assay	27924024	Homo sapiens	GTRD	No
O14543	9021	SOCS3	chromatin immunoprecipitation assay	27924024	Homo sapiens	GTRD	No
P24522	1647	GADD45A	chromatin immunoprecipitation assay	27924024	Homo sapiens	GTRD	No
O43761	9143	SYNGR3	chromatin immunoprecipitation assay	27924024	Homo sapiens	GTRD	No
Q9H0C5	53339	BTBD1	chromatin immunoprecipitation assay	27924024	Homo sapiens	GTRD	No
O60437	5493	PPL	chromatin immunoprecipitation assay	27924024	Homo sapiens	GTRD	No
Q14318	23770	FKBP8	chromatin immunoprecipitation assay	27924024	Homo sapiens	GTRD	No
Q6IQ26	23258	DENND5A	chromatin immunoprecipitation assay	27924024	Homo sapiens	GTRD	No
Q659C4	55132	LARP1B	chromatin immunoprecipitation assay	27924024	Homo sapiens	GTRD	No
P34820	656	BMP8B	chromatin immunoprecipitation assay	27924024	Homo sapiens	GTRD	No
Q8NEG0	196472	FAM71C	chromatin immunoprecipitation assay	27924024	Homo sapiens	GTRD	No
P13497	649	BMP1	chromatin immunoprecipitation assay	27924024	Homo sapiens	GTRD	No
P47895	220	ALDH1A3	chromatin immunoprecipitation assay	27924024	Homo sapiens	GTRD	No
Q96SB3	84687	PPP1R9B	chromatin immunoprecipitation assay	27924024	Homo sapiens	GTRD	No
Q9ULV3	25792	CIZ1	chromatin immunoprecipitation assay	27924024	Homo sapiens	GTRD	No
Q8N912	400258	NRAC	chromatin immunoprecipitation assay	27924024	Homo sapiens	GTRD	No
Q5U5R9	143279	HECTD2	chromatin immunoprecipitation assay	27924024	Homo sapiens	GTRD	No
Q9UHD4	27141	CIDEB	chromatin immunoprecipitation assay	27924024	Homo sapiens	GTRD	No
P0DPB6	51082	POLR1D	chromatin immunoprecipitation assay	27924024	Homo sapiens	GTRD	No
Q86UF1	340348	TSPAN33	chromatin immunoprecipitation assay	27924024	Homo sapiens	GTRD	No
Q49AA0	339559	ZFP69	chromatin immunoprecipitation assay	27924024	Homo sapiens	GTRD	No
Q9NZM5	29997	NOP53	chromatin immunoprecipitation assay	27924024	Homo sapiens	GTRD	No
Q8N6N6	256302	NATD1	chromatin immunoprecipitation assay	27924024	Homo sapiens	GTRD	No
Q9H4G0	2036	EPB41L1	chromatin immunoprecipitation assay	27924024	Homo sapiens	GTRD	No
A8MW92	51105	PHF20L1	chromatin immunoprecipitation assay	27924024	Homo sapiens	GTRD	No
Q16773	883	KYAT1	chromatin immunoprecipitation assay	27924024	Homo sapiens	GTRD	No
Q8TCY9	55665	URGCP	chromatin immunoprecipitation assay	27924024	Homo sapiens	GTRD	No
Q10713	23203	PMPCA	chromatin immunoprecipitation assay	27924024	Homo sapiens	GTRD	No
Q9UPW6	23314	SATB2	chromatin immunoprecipitation assay	27924024	Homo sapiens	GTRD	No
P10909	1191	CLU	chromatin immunoprecipitation assay	27924024	Homo sapiens	GTRD	No
Q9H2D6	11078	TRIOBP	chromatin immunoprecipitation assay	27924024	Homo sapiens	GTRD	No
Q16549	9159	PCSK7	chromatin immunoprecipitation assay	27924024	Homo sapiens	GTRD	No
Q9UBR2	1522	CTSZ	chromatin immunoprecipitation assay	27924024	Homo sapiens	GTRD	No
P22612	5568	PRKACG	chromatin immunoprecipitation assay	27924024	Homo sapiens	GTRD	No
O00214	3964	LGALS8	chromatin immunoprecipitation assay	27924024	Homo sapiens	GTRD	No
Q06787	2332	FMR1	chromatin immunoprecipitation assay	27924024	Homo sapiens	GTRD	No
Q02747	2980	GUCA2A	chromatin immunoprecipitation assay	27924024	Homo sapiens	GTRD	No
O94844	9886	RHOBTB1	chromatin immunoprecipitation assay	27924024	Homo sapiens	GTRD	No
Q8IYS2	90231	KIAA2013	chromatin immunoprecipitation assay	27924024	Homo sapiens	GTRD	No
Q8IY33	79778	MICALL2	chromatin immunoprecipitation assay	27924024	Homo sapiens	GTRD	No
Q92823	4897	NRCAM	chromatin immunoprecipitation assay	27924024	Homo sapiens	GTRD	No
P45985	6416	MAP2K4	chromatin immunoprecipitation assay	27924024	Homo sapiens	GTRD	No
P28347	7003	TEAD1	chromatin immunoprecipitation assay	27924024	Homo sapiens	GTRD	No
Q86VD9	80235	PIGZ	chromatin immunoprecipitation assay	27924024	Homo sapiens	GTRD	No
Q9BY08	84650	EBPL	chromatin immunoprecipitation assay	27924024	Homo sapiens	GTRD	No
Q96NN9	150209	AIFM3	chromatin immunoprecipitation assay	27924024	Homo sapiens	GTRD	No
Q709C8	54832	VPS13C	chromatin immunoprecipitation assay	27924024	Homo sapiens	GTRD	No
Q9NVM1	55194	EVA1B	chromatin immunoprecipitation assay	27924024	Homo sapiens	GTRD	No
Q9BVA1	347733	TUBB2B	chromatin immunoprecipitation assay	27924024	Homo sapiens	GTRD	No
Q8IV08	23646	PLD3	chromatin immunoprecipitation assay	27924024	Homo sapiens	GTRD	No
P09326	962	CD48	chromatin immunoprecipitation assay	27924024	Homo sapiens	GTRD	No
Q99720	10280	SIGMAR1	chromatin immunoprecipitation assay	27924024	Homo sapiens	GTRD	No
Q96AX9	142678	MIB2	chromatin immunoprecipitation assay	27924024	Homo sapiens	GTRD	No
P98161	5310	PKD1	chromatin immunoprecipitation assay	27924024	Homo sapiens	GTRD	No
Q0P6D2	125704	DIPK1C	chromatin immunoprecipitation assay	27924024	Homo sapiens	GTRD	No
P20702	3687	ITGAX	chromatin immunoprecipitation assay	27924024	Homo sapiens	GTRD	No
Q96RR4	10645	CAMKK2	chromatin immunoprecipitation assay	27924024	Homo sapiens	GTRD	No
O14662	8675	STX16	chromatin immunoprecipitation assay	27924024	Homo sapiens	GTRD	No
Q2PPJ7	57186	RALGAPA2	chromatin immunoprecipitation assay	27924024	Homo sapiens	GTRD	No
Q93075	9797	TATDN2	chromatin immunoprecipitation assay	27924024	Homo sapiens	GTRD	No
P07741	353	APRT	chromatin immunoprecipitation assay	27924024	Homo sapiens	GTRD	No
P41440	6573	SLC19A1	chromatin immunoprecipitation assay	27924024	Homo sapiens	GTRD	No
Q8IY42	55286	C4orf19	chromatin immunoprecipitation assay	27924024	Homo sapiens	GTRD	No
R4GMT4	NA	-	chromatin immunoprecipitation assay	27924024	Homo sapiens	GTRD	No
Q5TA31	149603	RNF187	chromatin immunoprecipitation assay	27924024	Homo sapiens	GTRD	No
Q02040	8227	AKAP17A	chromatin immunoprecipitation assay	27924024	Homo sapiens	GTRD	No
Q7RTS7	121391	KRT74	chromatin immunoprecipitation assay	27924024	Homo sapiens	GTRD	No
H0YL14	90120	TMEM250	chromatin immunoprecipitation assay	27924024	Homo sapiens	GTRD	No
P43034	5048	PAFAH1B1	chromatin immunoprecipitation assay	27924024	Homo sapiens	GTRD	No
Q00534	1021	CDK6	chromatin immunoprecipitation assay	27924024	Homo sapiens	GTRD	No
Q9HCN3	58986	PGAP6	chromatin immunoprecipitation assay	27924024	Homo sapiens	GTRD	No
Q9BR01	25830	SULT4A1	chromatin immunoprecipitation assay	27924024	Homo sapiens	GTRD	No
Q8WYQ5	54487	DGCR8	chromatin immunoprecipitation assay	27924024	Homo sapiens	GTRD	No
Q96BY9	51669	SARAF	chromatin immunoprecipitation assay	27924024	Homo sapiens	GTRD	No
Q9C091	80000	GREB1L	chromatin immunoprecipitation assay	27924024	Homo sapiens	GTRD	No
Q8NHG8	223082	ZNRF2	chromatin immunoprecipitation assay	27924024	Homo sapiens	GTRD	No
Q96N21	146705	TEPSIN	chromatin immunoprecipitation assay	27924024	Homo sapiens	GTRD	No
O14649	3777	KCNK3	chromatin immunoprecipitation assay	27924024	Homo sapiens	GTRD	No
Q08289	783	CACNB2	chromatin immunoprecipitation assay	27924024	Homo sapiens	GTRD	No
Q15911	463	ZFHX3	chromatin immunoprecipitation assay	27924024	Homo sapiens	GTRD	No
Q9UP95	6560	SLC12A4	chromatin immunoprecipitation assay	27924024	Homo sapiens	GTRD	No
P37088	6337	SCNN1A	chromatin immunoprecipitation assay	27924024	Homo sapiens	GTRD	No
Q9NXL9	254394	MCM9	chromatin immunoprecipitation assay	27924024	Homo sapiens	GTRD	No
Q09328	4249	MGAT5	chromatin immunoprecipitation assay	27924024	Homo sapiens	GTRD	No
A6BM72	84465	MEGF11	chromatin immunoprecipitation assay	27924024	Homo sapiens	GTRD	No
P59190	376267	RAB15	chromatin immunoprecipitation assay	27924024	Homo sapiens	GTRD	No
O43151	200424	TET3	chromatin immunoprecipitation assay	27924024	Homo sapiens	GTRD	No
P14866	3191	HNRNPL	chromatin immunoprecipitation assay	27924024	Homo sapiens	GTRD	No
O60565	26585	GREM1	chromatin immunoprecipitation assay	27924024	Homo sapiens	GTRD	No
O00746	4833	NME4	chromatin immunoprecipitation assay	27924024	Homo sapiens	GTRD	No
Q9NRZ7	56894	AGPAT3	chromatin immunoprecipitation assay	27924024	Homo sapiens	GTRD	No
P51523	7637	ZNF84	chromatin immunoprecipitation assay	27924024	Homo sapiens	GTRD	No
P12644	652	BMP4	chromatin immunoprecipitation assay	27924024	Homo sapiens	GTRD	No
O94761	9401	RECQL4	chromatin immunoprecipitation assay	27924024	Homo sapiens	GTRD	No
Q6NXT6	202018	TAPT1	chromatin immunoprecipitation assay	27924024	Homo sapiens	GTRD	No
O75718	10491	CRTAP	chromatin immunoprecipitation assay	27924024	Homo sapiens	GTRD	No
Q96SE0	84696	ABHD1	chromatin immunoprecipitation assay	27924024	Homo sapiens	GTRD	No
Q8N816	NA	TMEM99	chromatin immunoprecipitation assay	27924024	Homo sapiens	GTRD	No
Q8N201	26173	INTS1	chromatin immunoprecipitation assay	27924024	Homo sapiens	GTRD	No
Q9GZP4	57095	PITHD1	chromatin immunoprecipitation assay	27924024	Homo sapiens	GTRD	No
Q14982	4978	OPCML	chromatin immunoprecipitation assay	27924024	Homo sapiens	GTRD	No
A0A075B6J6	NA	IGLV3-22	chromatin immunoprecipitation assay	27924024	Homo sapiens	GTRD	No
Q96FL8	55244	SLC47A1	chromatin immunoprecipitation assay	27924024	Homo sapiens	GTRD	No
O95800	10936	GPR75	chromatin immunoprecipitation assay	27924024	Homo sapiens	GTRD	No
O60262	2788	GNG7	chromatin immunoprecipitation assay	27924024	Homo sapiens	GTRD	No
P54098	5428	POLG	chromatin immunoprecipitation assay	27924024	Homo sapiens	GTRD	No
P37198	23636	NUP62	chromatin immunoprecipitation assay	27924024	Homo sapiens	GTRD	No
Q8NDV7	27327	TNRC6A	chromatin immunoprecipitation assay	27924024	Homo sapiens	GTRD	No
Q9H5V9	63932	CXorf56	chromatin immunoprecipitation assay	27924024	Homo sapiens	GTRD	No
O00219	3038	HAS3	chromatin immunoprecipitation assay	27924024	Homo sapiens	GTRD	No
Q9BZD2	55315	SLC29A3	chromatin immunoprecipitation assay	27924024	Homo sapiens	GTRD	No
Q8IZS8	55799	CACNA2D3	chromatin immunoprecipitation assay	27924024	Homo sapiens	GTRD	No
Q2M3C6	123591	TMEM266	chromatin immunoprecipitation assay	27924024	Homo sapiens	GTRD	No
P07737	5216	PFN1	chromatin immunoprecipitation assay	27924024	Homo sapiens	GTRD	No
Q8NC67	81831	NETO2	chromatin immunoprecipitation assay	27924024	Homo sapiens	GTRD	No
Q00341	3069	HDLBP	chromatin immunoprecipitation assay	27924024	Homo sapiens	GTRD	No
Q9ULH4	57497	LRFN2	chromatin immunoprecipitation assay	27924024	Homo sapiens	GTRD	No
Q86VX2	149951	COMMD7	chromatin immunoprecipitation assay	27924024	Homo sapiens	GTRD	No
Q8ND90	9240	PNMA1	chromatin immunoprecipitation assay	27924024	Homo sapiens	GTRD	No
Q9UNW9	4858	NOVA2	chromatin immunoprecipitation assay	27924024	Homo sapiens	GTRD	No
Q9C0I3	401145	CCSER1	chromatin immunoprecipitation assay	27924024	Homo sapiens	GTRD	No
J3KTA2	NA	-	chromatin immunoprecipitation assay	27924024	Homo sapiens	GTRD	No
P16157	286	ANK1	chromatin immunoprecipitation assay	27924024	Homo sapiens	GTRD	No
Q7LFX5	51363	CHST15	chromatin immunoprecipitation assay	27924024	Homo sapiens	GTRD	No
Q92828	7464	CORO2A	chromatin immunoprecipitation assay	27924024	Homo sapiens	GTRD	No
Q8IXS6	445815	PALM2	chromatin immunoprecipitation assay	27924024	Homo sapiens	GTRD	No
O76093	8817	FGF18	chromatin immunoprecipitation assay	27924024	Homo sapiens	GTRD	No
Q9HCM9	56658	TRIM39	chromatin immunoprecipitation assay	27924024	Homo sapiens	GTRD	No
Q8NDH3	79716	NPEPL1	chromatin immunoprecipitation assay	27924024	Homo sapiens	GTRD	No
D6REC4	NA	CFAP99	chromatin immunoprecipitation assay	27924024	Homo sapiens	GTRD	No
Q92626	7837	PXDN	chromatin immunoprecipitation assay	27924024	Homo sapiens	GTRD	No
P51532	6597	SMARCA4	chromatin immunoprecipitation assay	27924024	Homo sapiens	GTRD	No
Q9Y6R4	4216	MAP3K4	chromatin immunoprecipitation assay	27924024	Homo sapiens	GTRD	No
Q16787	3909	LAMA3	chromatin immunoprecipitation assay	27924024	Homo sapiens	GTRD	No
Q14767	4053	LTBP2	chromatin immunoprecipitation assay	27924024	Homo sapiens	GTRD	No
Q8NFZ0	84893	FBH1	chromatin immunoprecipitation assay	27924024	Homo sapiens	GTRD	No
P31371	2254	FGF9	chromatin immunoprecipitation assay	27924024	Homo sapiens	GTRD	No
A1XBS5	137392	FAM92A	chromatin immunoprecipitation assay	27924024	Homo sapiens	GTRD	No
Q9H3H3	83638	C11orf68	chromatin immunoprecipitation assay	27924024	Homo sapiens	GTRD	No
O43147	9905	SGSM2	chromatin immunoprecipitation assay	27924024	Homo sapiens	GTRD	No
Q96L15	116969	ART5	chromatin immunoprecipitation assay	27924024	Homo sapiens	GTRD	No
Q99523	6272	SORT1	chromatin immunoprecipitation assay	27924024	Homo sapiens	GTRD	No
P22626	3181	HNRNPA2B1	chromatin immunoprecipitation assay	27924024	Homo sapiens	GTRD	No
P48645	10874	NMU	chromatin immunoprecipitation assay	27924024	Homo sapiens	GTRD	No
P55884	8662	EIF3B	chromatin immunoprecipitation assay	27924024	Homo sapiens	GTRD	No
Q9P203	55727	BTBD7	chromatin immunoprecipitation assay	27924024	Homo sapiens	GTRD	No
Q9ULI3	57493	HEG1	chromatin immunoprecipitation assay	27924024	Homo sapiens	GTRD	No
Q16585	6443	SGCB	chromatin immunoprecipitation assay	27924024	Homo sapiens	GTRD	No
Q75T13	80055	PGAP1	chromatin immunoprecipitation assay	27924024	Homo sapiens	GTRD	No
P48544	3762	KCNJ5	chromatin immunoprecipitation assay	27924024	Homo sapiens	GTRD	No
Q8WU08	202374	STK32A	chromatin immunoprecipitation assay	27924024	Homo sapiens	GTRD	No
Q92837	10023	FRAT1	chromatin immunoprecipitation assay	27924024	Homo sapiens	GTRD	No
P43364	4110	MAGEA11	chromatin immunoprecipitation assay	27924024	Homo sapiens	GTRD	No
Q7Z402	79905	TMC7	chromatin immunoprecipitation assay	27924024	Homo sapiens	GTRD	No
Q6NZ67	80097	MZT2B	chromatin immunoprecipitation assay	27924024	Homo sapiens	GTRD	No
Q96JQ2	79789	CLMN	chromatin immunoprecipitation assay	27924024	Homo sapiens	GTRD	No
O75323	2631	NIPSNAP2	chromatin immunoprecipitation assay	27924024	Homo sapiens	GTRD	No
P54802	4669	NAGLU	chromatin immunoprecipitation assay	27924024	Homo sapiens	GTRD	No
Q9UIF8	29994	BAZ2B	chromatin immunoprecipitation assay	27924024	Homo sapiens	GTRD	No
O00764	8566	PDXK	chromatin immunoprecipitation assay	27924024	Homo sapiens	GTRD	No
Q96P50	116983	ACAP3	chromatin immunoprecipitation assay	27924024	Homo sapiens	GTRD	No
O60258	8822	FGF17	chromatin immunoprecipitation assay	27924024	Homo sapiens	GTRD	No
Q8N5A5	84619	ZGPAT	chromatin immunoprecipitation assay	27924024	Homo sapiens	GTRD	No
P15822	3096	HIVEP1	chromatin immunoprecipitation assay	27924024	Homo sapiens	GTRD	No
O15403	9120	SLC16A6	chromatin immunoprecipitation assay	27924024	Homo sapiens	GTRD	No
O75121	9848	MFAP3L	chromatin immunoprecipitation assay	27924024	Homo sapiens	GTRD	No
Q9UKX5	22801	ITGA11	chromatin immunoprecipitation assay	27924024	Homo sapiens	GTRD	No
Q496M5	126520	PLK5	chromatin immunoprecipitation assay	27924024	Homo sapiens	GTRD	No
Q03721	3749	KCNC4	chromatin immunoprecipitation assay	27924024	Homo sapiens	GTRD	No
P26038	4478	MSN	chromatin immunoprecipitation assay	27924024	Homo sapiens	GTRD	No
O00562	9600	PITPNM1	chromatin immunoprecipitation assay	27924024	Homo sapiens	GTRD	No
Q9BXT2	59285	CACNG6	chromatin immunoprecipitation assay	27924024	Homo sapiens	GTRD	No
Q9H4I3	80305	TRABD	chromatin immunoprecipitation assay	27924024	Homo sapiens	GTRD	No
Q53GL7	84875	PARP10	chromatin immunoprecipitation assay	27924024	Homo sapiens	GTRD	No
Q12756	547	KIF1A	chromatin immunoprecipitation assay	27924024	Homo sapiens	GTRD	No
Q9H074	10605	PAIP1	chromatin immunoprecipitation assay	27924024	Homo sapiens	GTRD	No
Q9Y5S2	9578	CDC42BPB	chromatin immunoprecipitation assay	27924024	Homo sapiens	GTRD	No
Q9BV19	79078	C1orf50	chromatin immunoprecipitation assay	27924024	Homo sapiens	GTRD	No
Q9H2F9	80323	CCDC68	chromatin immunoprecipitation assay	27924024	Homo sapiens	GTRD	No
Q8N9B8	221002	RASGEF1A	chromatin immunoprecipitation assay	27924024	Homo sapiens	GTRD	No
Q9C0H9	80725	SRCIN1	chromatin immunoprecipitation assay	27924024	Homo sapiens	GTRD	No
Q9BWT1	83879	CDCA7	chromatin immunoprecipitation assay	27924024	Homo sapiens	GTRD	No
O00237	7844	RNF103	chromatin immunoprecipitation assay	27924024	Homo sapiens	GTRD	No
Q7KZI7	2011	MARK2	chromatin immunoprecipitation assay	27924024	Homo sapiens	GTRD	No
P12236	293	SLC25A6	chromatin immunoprecipitation assay	27924024	Homo sapiens	GTRD	No
Q969X6	84916	UTP4	chromatin immunoprecipitation assay	27924024	Homo sapiens	GTRD	No
Q8IZ57	140767	NRSN1	chromatin immunoprecipitation assay	27924024	Homo sapiens	GTRD	No
Q7Z5Q1	132864	CPEB2	chromatin immunoprecipitation assay	27924024	Homo sapiens	GTRD	No
Q15714	8848	TSC22D1	chromatin immunoprecipitation assay	27924024	Homo sapiens	GTRD	No
Q8N531	26233	FBXL6	chromatin immunoprecipitation assay	27924024	Homo sapiens	GTRD	No
Q53LP3	65124	SOWAHC	chromatin immunoprecipitation assay	27924024	Homo sapiens	GTRD	No
Q9P1Q0	51542	VPS54	chromatin immunoprecipitation assay	27924024	Homo sapiens	GTRD	No
Q5SY80	257044	CATSPERE	chromatin immunoprecipitation assay	27924024	Homo sapiens	GTRD	No
Q12967	5900	RALGDS	chromatin immunoprecipitation assay	27924024	Homo sapiens	GTRD	No
Q8N944	205147	AMER3	chromatin immunoprecipitation assay	27924024	Homo sapiens	GTRD	No
Q86VI4	55353	LAPTM4B	chromatin immunoprecipitation assay	27924024	Homo sapiens	GTRD	No
Q6ZTQ4	222256	CDHR3	chromatin immunoprecipitation assay	27924024	Homo sapiens	GTRD	No
Q9H799	65250	CPLANE1	chromatin immunoprecipitation assay	27924024	Homo sapiens	GTRD	No
Q9H1X3	548645,552891	DNAJC25	chromatin immunoprecipitation assay	27924024	Homo sapiens	GTRD	No
Q9UKY4	29954	POMT2	chromatin immunoprecipitation assay	27924024	Homo sapiens	GTRD	No
Q9BQQ3	64689	GORASP1	chromatin immunoprecipitation assay	27924024	Homo sapiens	GTRD	No
Q8IV53	79958	DENND1C	chromatin immunoprecipitation assay	27924024	Homo sapiens	GTRD	No
Q5T7P3	353132	LCE1B	chromatin immunoprecipitation assay	27924024	Homo sapiens	GTRD	No
E5RQL4	NA	FTCDNL1	chromatin immunoprecipitation assay	27924024	Homo sapiens	GTRD	No
P55265	103	ADAR	chromatin immunoprecipitation assay	27924024	Homo sapiens	GTRD	No
O14786	8829	NRP1	chromatin immunoprecipitation assay	27924024	Homo sapiens	GTRD	No
Q9BZD7	79057	PRRG3	chromatin immunoprecipitation assay	27924024	Homo sapiens	GTRD	No
Q9H6Y7	26001	RNF167	chromatin immunoprecipitation assay	27924024	Homo sapiens	GTRD	No
Q5T5M9	54619	CCNJ	chromatin immunoprecipitation assay	27924024	Homo sapiens	GTRD	No
P60484	5728	PTEN	chromatin immunoprecipitation assay	27924024	Homo sapiens	GTRD	No
P05107	3689	ITGB2	chromatin immunoprecipitation assay	27924024	Homo sapiens	GTRD	No
Q86TI2	91039	DPP9	chromatin immunoprecipitation assay	27924024	Homo sapiens	GTRD	No
P42704	10128	LRPPRC	chromatin immunoprecipitation assay	27924024	Homo sapiens	GTRD	No
Q7L5A8	79152	FA2H	chromatin immunoprecipitation assay	27924024	Homo sapiens	GTRD	No
Q96PE2	9828	ARHGEF17	chromatin immunoprecipitation assay	27924024	Homo sapiens	GTRD	No
O00470	4211	MEIS1	chromatin immunoprecipitation assay	27924024	Homo sapiens	GTRD	No
Q14684	23076	RRP1B	chromatin immunoprecipitation assay	27924024	Homo sapiens	GTRD	No
Q8N6T0	79703	TOP6BL	chromatin immunoprecipitation assay	27924024	Homo sapiens	GTRD	No
O95502	23467	NPTXR	chromatin immunoprecipitation assay	27924024	Homo sapiens	GTRD	No
Q8IZV5	157506	RDH10	chromatin immunoprecipitation assay	27924024	Homo sapiens	GTRD	No
Q15723	1998	ELF2	chromatin immunoprecipitation assay	27924024	Homo sapiens	GTRD	No
Q96QT6	57649	PHF12	chromatin immunoprecipitation assay	27924024	Homo sapiens	GTRD	No
F5H5T6	NA	-	chromatin immunoprecipitation assay	27924024	Homo sapiens	GTRD	No
Q9BXD5	80896	NPL	chromatin immunoprecipitation assay	27924024	Homo sapiens	GTRD	No
P26583	3148	HMGB2	chromatin immunoprecipitation assay	27924024	Homo sapiens	GTRD	No
Q9UHY1	29959	NRBP1	chromatin immunoprecipitation assay	27924024	Homo sapiens	GTRD	No
O60478	7107	GPR137B	chromatin immunoprecipitation assay	27924024	Homo sapiens	GTRD	No
O94876	23023	TMCC1	chromatin immunoprecipitation assay	27924024	Homo sapiens	GTRD	No
P09683	6343	SCT	chromatin immunoprecipitation assay	27924024	Homo sapiens	GTRD	No
Q8WTR4	81544	GDPD5	chromatin immunoprecipitation assay	27924024	Homo sapiens	GTRD	No
Q9BZV2	80704	SLC19A3	chromatin immunoprecipitation assay	27924024	Homo sapiens	GTRD	No
Q13501	8878	SQSTM1	chromatin immunoprecipitation assay	27924024	Homo sapiens	GTRD	No
Q9GZQ8	81631	MAP1LC3B	chromatin immunoprecipitation assay	27924024	Homo sapiens	GTRD	No
B8ZZ34	440829	SHISA8	chromatin immunoprecipitation assay	27924024	Homo sapiens	GTRD	No
Q8IWV2	152330	CNTN4	chromatin immunoprecipitation assay	27924024	Homo sapiens	GTRD	No
Q8NFZ5	79155	TNIP2	chromatin immunoprecipitation assay	27924024	Homo sapiens	GTRD	No
Q9BYV1	64902	AGXT2	chromatin immunoprecipitation assay	27924024	Homo sapiens	GTRD	No
Q8N729	283869	NPW	chromatin immunoprecipitation assay	27924024	Homo sapiens	GTRD	No
Q03001	667	DST	chromatin immunoprecipitation assay	27924024	Homo sapiens	GTRD	No
P53355	1612	DAPK1	chromatin immunoprecipitation assay	27924024	Homo sapiens	GTRD	No
Q9H7Z7	80142	PTGES2	chromatin immunoprecipitation assay	27924024	Homo sapiens	GTRD	No
Q9Y2C2	10090	UST	chromatin immunoprecipitation assay	27924024	Homo sapiens	GTRD	No
A2A3L6	164118	TTC24	chromatin immunoprecipitation assay	27924024	Homo sapiens	GTRD	No
Q8NEZ4	58508	KMT2C	chromatin immunoprecipitation assay	27924024	Homo sapiens	GTRD	No
P07360	733	C8G	chromatin immunoprecipitation assay	27924024	Homo sapiens	GTRD	No
Q9Y4R7	26140	TTLL3	chromatin immunoprecipitation assay	27924024	Homo sapiens	GTRD	No
Q5JWF2	2778	GNAS	chromatin immunoprecipitation assay	27924024	Homo sapiens	GTRD	No
A4D126	729920	CRPPA	chromatin immunoprecipitation assay	27924024	Homo sapiens	GTRD	No
P17535	3727	JUND	chromatin immunoprecipitation assay	27924024	Homo sapiens	GTRD	No
P36969	2879	GPX4	chromatin immunoprecipitation assay	27924024	Homo sapiens	GTRD	No
Q9BW60	64834	ELOVL1	chromatin immunoprecipitation assay	27924024	Homo sapiens	GTRD	No
Q969Z4	84957	RELT	chromatin immunoprecipitation assay	27924024	Homo sapiens	GTRD	No
Q9Y6D5	10564	ARFGEF2	chromatin immunoprecipitation assay	27924024	Homo sapiens	GTRD	No
A0A0C4DH66	NA	IGHJ4	chromatin immunoprecipitation assay	27924024	Homo sapiens	GTRD	No
P55072	7415	VCP	chromatin immunoprecipitation assay	27924024	Homo sapiens	GTRD	No
P49711	10664	CTCF	chromatin immunoprecipitation assay	27924024	Homo sapiens	GTRD	No
Q96PU4	115426	UHRF2	chromatin immunoprecipitation assay	27924024	Homo sapiens	GTRD	No
O14492	10603	SH2B2	chromatin immunoprecipitation assay	27924024	Homo sapiens	GTRD	No
Q8TER0	25992	SNED1	chromatin immunoprecipitation assay	27924024	Homo sapiens	GTRD	No
Q5VUA4	24149	ZNF318	chromatin immunoprecipitation assay	27924024	Homo sapiens	GTRD	No
Q8NCI6	112937	GLB1L3	chromatin immunoprecipitation assay	27924024	Homo sapiens	GTRD	No
Q03111	4298	MLLT1	chromatin immunoprecipitation assay	27924024	Homo sapiens	GTRD	No
Q92539	9663	LPIN2	chromatin immunoprecipitation assay	27924024	Homo sapiens	GTRD	No
Q96QD9	84248	FYTTD1	chromatin immunoprecipitation assay	27924024	Homo sapiens	GTRD	No
Q9HCQ5	50614	GALNT9	chromatin immunoprecipitation assay	27924024	Homo sapiens	GTRD	No
Q16186	11047	ADRM1	chromatin immunoprecipitation assay	27924024	Homo sapiens	GTRD	No
Q14166	23170	TTLL12	chromatin immunoprecipitation assay	27924024	Homo sapiens	GTRD	No
Q96RG2	23178	PASK	chromatin immunoprecipitation assay	27924024	Homo sapiens	GTRD	No
A6NGB7	100130519	TMEM221	chromatin immunoprecipitation assay	27924024	Homo sapiens	GTRD	No
P56524	9759	HDAC4	chromatin immunoprecipitation assay	27924024	Homo sapiens	GTRD	No
Q8N3A8	79668	PARP8	chromatin immunoprecipitation assay	27924024	Homo sapiens	GTRD	No
Q9HB15	56660	KCNK12	chromatin immunoprecipitation assay	27924024	Homo sapiens	GTRD	No
P38484	3460	IFNGR2	chromatin immunoprecipitation assay	27924024	Homo sapiens	GTRD	No
Q6VY07	55690	PACS1	chromatin immunoprecipitation assay	27924024	Homo sapiens	GTRD	No
P55283	1002	CDH4	chromatin immunoprecipitation assay	27924024	Homo sapiens	GTRD	No
P51858	3068	HDGF	chromatin immunoprecipitation assay	27924024	Homo sapiens	GTRD	No
P14384	1368	CPM	chromatin immunoprecipitation assay	27924024	Homo sapiens	GTRD	No
O15105	4092	SMAD7	chromatin immunoprecipitation assay	27924024	Homo sapiens	GTRD	No
Q6P597	147700	KLC3	chromatin immunoprecipitation assay	27924024	Homo sapiens	GTRD	No
Q96KR7	116154	PHACTR3	chromatin immunoprecipitation assay	27924024	Homo sapiens	GTRD	No
P21399	48	ACO1	chromatin immunoprecipitation assay	27924024	Homo sapiens	GTRD	No
P43378	5780	PTPN9	chromatin immunoprecipitation assay	27924024	Homo sapiens	GTRD	No
Q8IVF4	196385	DNAH10	chromatin immunoprecipitation assay	27924024	Homo sapiens	GTRD	No
Q86XL3	23141	ANKLE2	chromatin immunoprecipitation assay	27924024	Homo sapiens	GTRD	No
A6NKF2	138715	ARID3C	chromatin immunoprecipitation assay	27924024	Homo sapiens	GTRD	No
P32121	409	ARRB2	chromatin immunoprecipitation assay	27924024	Homo sapiens	GTRD	No
P30101	2923	PDIA3	chromatin immunoprecipitation assay	27924024	Homo sapiens	GTRD	No
Q96LD4	91107	TRIM47	chromatin immunoprecipitation assay	27924024	Homo sapiens	GTRD	No
O15417	84629	TNRC18	chromatin immunoprecipitation assay	27924024	Homo sapiens	GTRD	No
Q5VWQ8	153090	DAB2IP	chromatin immunoprecipitation assay	27924024	Homo sapiens	GTRD	No
Q5U5X8	84915	FAM222A	chromatin immunoprecipitation assay	27924024	Homo sapiens	GTRD	No
Q9UHJ3	51460	SFMBT1	chromatin immunoprecipitation assay	27924024	Homo sapiens	GTRD	No
Q9Y3E1	50810	HDGFL3	chromatin immunoprecipitation assay	27924024	Homo sapiens	GTRD	No
Q9Y547	51668	HSPB11	chromatin immunoprecipitation assay	27924024	Homo sapiens	GTRD	No
Q8TB05	124402	UBALD1	chromatin immunoprecipitation assay	27924024	Homo sapiens	GTRD	No
Q8NBJ4	51280	GOLM1	chromatin immunoprecipitation assay	27924024	Homo sapiens	GTRD	No
Q5SNT2	199953	TMEM201	chromatin immunoprecipitation assay	27924024	Homo sapiens	GTRD	No
Q14689	23181	DIP2A	chromatin immunoprecipitation assay	27924024	Homo sapiens	GTRD	No
O43293	1613	DAPK3	chromatin immunoprecipitation assay	27924024	Homo sapiens	GTRD	No
P78411	10265	IRX5	chromatin immunoprecipitation assay	27924024	Homo sapiens	GTRD	No
Q12792	5756	TWF1	chromatin immunoprecipitation assay	27924024	Homo sapiens	GTRD	No
Q9HAR2	23284	ADGRL3	chromatin immunoprecipitation assay	27924024	Homo sapiens	GTRD	No
Q05329	2572	GAD2	chromatin immunoprecipitation assay	27924024	Homo sapiens	GTRD	No
Q96K37	79939	SLC35E1	chromatin immunoprecipitation assay	27924024	Homo sapiens	GTRD	No
Q9UBX1	8722	CTSF	chromatin immunoprecipitation assay	27924024	Homo sapiens	GTRD	No
A6NKD9	317762	CCDC85C	chromatin immunoprecipitation assay	27924024	Homo sapiens	GTRD	No
A6NGR9	642475	MROH6	chromatin immunoprecipitation assay	27924024	Homo sapiens	GTRD	No
O15013	9639	ARHGEF10	chromatin immunoprecipitation assay	27924024	Homo sapiens	GTRD	No
Q96D21	23551	RASD2	chromatin immunoprecipitation assay	27924024	Homo sapiens	GTRD	No
Q10570	29894	CPSF1	chromatin immunoprecipitation assay	27924024	Homo sapiens	GTRD	No
Q13506	4664	NAB1	chromatin immunoprecipitation assay	27924024	Homo sapiens	GTRD	No
Q8IY92	84464	SLX4	chromatin immunoprecipitation assay	27924024	Homo sapiens	GTRD	No
Q92882	26578	OSTF1	chromatin immunoprecipitation assay	27924024	Homo sapiens	GTRD	No
P61225	5912	RAP2B	chromatin immunoprecipitation assay	27924024	Homo sapiens	GTRD	No
P00367	2746	GLUD1	chromatin immunoprecipitation assay	27924024	Homo sapiens	GTRD	No
Q5M8T2	340146	SLC35D3	chromatin immunoprecipitation assay	27924024	Homo sapiens	GTRD	No
Q8WXG1	91543	RSAD2	chromatin immunoprecipitation assay	27924024	Homo sapiens	GTRD	No
Q9Y4F1	10160	FARP1	chromatin immunoprecipitation assay	27924024	Homo sapiens	GTRD	No
Q96SI1	79047	KCTD15	chromatin immunoprecipitation assay	27924024	Homo sapiens	GTRD	No
Q9Y657	10927	SPIN1	chromatin immunoprecipitation assay	27924024	Homo sapiens	GTRD	No
Q9P2D1	55636	CHD7	chromatin immunoprecipitation assay	27924024	Homo sapiens	GTRD	No
Q9NRA1	56034	PDGFC	chromatin immunoprecipitation assay	27924024	Homo sapiens	GTRD	No
Q7L4S7	54470	ARMCX6	chromatin immunoprecipitation assay	27924024	Homo sapiens	GTRD	No
P19784	1459	CSNK2A2	chromatin immunoprecipitation assay	27924024	Homo sapiens	GTRD	No
O75882	8455	ATRN	chromatin immunoprecipitation assay	27924024	Homo sapiens	GTRD	No
P98198	57198	ATP8B2	chromatin immunoprecipitation assay	27924024	Homo sapiens	GTRD	No
Q14184	8447	DOC2B	chromatin immunoprecipitation assay	27924024	Homo sapiens	GTRD	No
Q8WUD6	56994	CHPT1	chromatin immunoprecipitation assay	27924024	Homo sapiens	GTRD	No
P49918	1028	CDKN1C	chromatin immunoprecipitation assay	27924024	Homo sapiens	GTRD	No
Q9UDY2	9414	TJP2	chromatin immunoprecipitation assay	27924024	Homo sapiens	GTRD	No
Q9Y5U5	8784	TNFRSF18	chromatin immunoprecipitation assay	27924024	Homo sapiens	GTRD	No
Q8IYH5	26009	ZZZ3	chromatin immunoprecipitation assay	27924024	Homo sapiens	GTRD	No
P48163	4199	ME1	chromatin immunoprecipitation assay	27924024	Homo sapiens	GTRD	No
Q15223	5818	NECTIN1	chromatin immunoprecipitation assay	27924024	Homo sapiens	GTRD	No
A6NJ64	NA	NPIPB2	chromatin immunoprecipitation assay	27924024	Homo sapiens	GTRD	No
Q08722	961	CD47	chromatin immunoprecipitation assay	27924024	Homo sapiens	GTRD	No
Q8TAQ2	6601	SMARCC2	chromatin immunoprecipitation assay	27924024	Homo sapiens	GTRD	No
Q9NY43	343472	BARHL2	chromatin immunoprecipitation assay	27924024	Homo sapiens	GTRD	No
Q9UBY0	6549	SLC9A2	chromatin immunoprecipitation assay	27924024	Homo sapiens	GTRD	No
Q6PKG0	23367	LARP1	chromatin immunoprecipitation assay	27924024	Homo sapiens	GTRD	No
Q8N554	92822	ZNF276	chromatin immunoprecipitation assay	27924024	Homo sapiens	GTRD	No
O00159	4641	MYO1C	chromatin immunoprecipitation assay	27924024	Homo sapiens	GTRD	No
Q5TCY1	84630	TTBK1	chromatin immunoprecipitation assay	27924024	Homo sapiens	GTRD	No
Q5VT25	8476	CDC42BPA	chromatin immunoprecipitation assay	27924024	Homo sapiens	GTRD	No
Q96CP6	57655	GRAMD1A	chromatin immunoprecipitation assay	27924024	Homo sapiens	GTRD	No
Q13616	8454	CUL1	chromatin immunoprecipitation assay	27924024	Homo sapiens	GTRD	No
O14497	8289	ARID1A	chromatin immunoprecipitation assay	27924024	Homo sapiens	GTRD	No
Q8TER5	55701	ARHGEF40	chromatin immunoprecipitation assay	27924024	Homo sapiens	GTRD	No
Q8IVH2	116113	FOXP4	chromatin immunoprecipitation assay	27924024	Homo sapiens	GTRD	No
Q96PX1	114804	RNF157	chromatin immunoprecipitation assay	27924024	Homo sapiens	GTRD	No
Q8WXH0	23224	SYNE2	chromatin immunoprecipitation assay	27924024	Homo sapiens	GTRD	No
P05455	6741	SSB	chromatin immunoprecipitation assay	27924024	Homo sapiens	GTRD	No
Q53QV2	81606	LBH	chromatin immunoprecipitation assay	27924024	Homo sapiens	GTRD	No
P35813	5494	PPM1A	chromatin immunoprecipitation assay	27924024	Homo sapiens	GTRD	No
P0C7U3	NA	ZDHHC11B	chromatin immunoprecipitation assay	27924024	Homo sapiens	GTRD	No
Q12889	5016	OVGP1	chromatin immunoprecipitation assay	27924024	Homo sapiens	GTRD	No
P17035	7576	ZNF28	chromatin immunoprecipitation assay	27924024	Homo sapiens	GTRD	No
Q8WVE6	134285	TMEM171	chromatin immunoprecipitation assay	27924024	Homo sapiens	GTRD	No
Q9Y666	10723	SLC12A7	chromatin immunoprecipitation assay	27924024	Homo sapiens	GTRD	No
Q17RQ9	NA	NKPD1	chromatin immunoprecipitation assay	27924024	Homo sapiens	GTRD	No
Q9NXC5	54468	MIOS	chromatin immunoprecipitation assay	27924024	Homo sapiens	GTRD	No
Q9UGI8	26136	TES	chromatin immunoprecipitation assay	27924024	Homo sapiens	GTRD	No
A6ND36	644815	FAM83G	chromatin immunoprecipitation assay	27924024	Homo sapiens	GTRD	No
Q5JUX0	169981	SPIN3	chromatin immunoprecipitation assay	27924024	Homo sapiens	GTRD	No
Q9UNM6	5719	PSMD13	chromatin immunoprecipitation assay	27924024	Homo sapiens	GTRD	No
Q96G42	113730	KLHDC7B	chromatin immunoprecipitation assay	27924024	Homo sapiens	GTRD	No
O75052	9722	NOS1AP	chromatin immunoprecipitation assay	27924024	Homo sapiens	GTRD	No
Q12788	10607	TBL3	chromatin immunoprecipitation assay	27924024	Homo sapiens	GTRD	No
Q99665	3595	IL12RB2	chromatin immunoprecipitation assay	27924024	Homo sapiens	GTRD	No
Q9NS15	4054	LTBP3	chromatin immunoprecipitation assay	27924024	Homo sapiens	GTRD	No
P41587	7434	VIPR2	chromatin immunoprecipitation assay	27924024	Homo sapiens	GTRD	No
Q9UBW7	7750	ZMYM2	chromatin immunoprecipitation assay	27924024	Homo sapiens	GTRD	No
Q6STE5	6604	SMARCD3	chromatin immunoprecipitation assay	27924024	Homo sapiens	GTRD	No
Q9NZ53	50512	PODXL2	chromatin immunoprecipitation assay	27924024	Homo sapiens	GTRD	No
P03971	268	AMH	chromatin immunoprecipitation assay	27924024	Homo sapiens	GTRD	No
Q9BUT9	84331	MCRIP2	chromatin immunoprecipitation assay	27924024	Homo sapiens	GTRD	No
P80365	3291	HSD11B2	chromatin immunoprecipitation assay	27924024	Homo sapiens	GTRD	No
Q5HYW3	340526	RTL5	chromatin immunoprecipitation assay	27924024	Homo sapiens	GTRD	No
Q8N4S9	153562	MARVELD2	chromatin immunoprecipitation assay	27924024	Homo sapiens	GTRD	No
P01112	3265	HRAS	chromatin immunoprecipitation assay	27924024	Homo sapiens	GTRD	No
Q6UUV9	23373	CRTC1	chromatin immunoprecipitation assay	27924024	Homo sapiens	GTRD	No
Q9Y3V2	25950	RWDD3	chromatin immunoprecipitation assay	27924024	Homo sapiens	GTRD	No
Q8N5V2	25791	NGEF	chromatin immunoprecipitation assay	27924024	Homo sapiens	GTRD	No
O00291	3092	HIP1	chromatin immunoprecipitation assay	27924024	Homo sapiens	GTRD	No
Q8IUF8	84864	RIOX2	chromatin immunoprecipitation assay	27924024	Homo sapiens	GTRD	No
Q15645	9319	TRIP13	chromatin immunoprecipitation assay	27924024	Homo sapiens	GTRD	No
O15031	23654	PLXNB2	chromatin immunoprecipitation assay	27924024	Homo sapiens	GTRD	No
Q8WXF7	51062	ATL1	chromatin immunoprecipitation assay	27924024	Homo sapiens	GTRD	No
Q3MJ16	123745	PLA2G4E	chromatin immunoprecipitation assay	27924024	Homo sapiens	GTRD	No
Q9H8P0	79644	SRD5A3	chromatin immunoprecipitation assay	27924024	Homo sapiens	GTRD	No
Q96HR9	92840	REEP6	chromatin immunoprecipitation assay	27924024	Homo sapiens	GTRD	No
O60299	9762	LZTS3	chromatin immunoprecipitation assay	27924024	Homo sapiens	GTRD	No
Q8IWX5	130367	SGPP2	chromatin immunoprecipitation assay	27924024	Homo sapiens	GTRD	No
P61019	5862	RAB2A	chromatin immunoprecipitation assay	27924024	Homo sapiens	GTRD	No
P15863	5075	PAX1	chromatin immunoprecipitation assay	27924024	Homo sapiens	GTRD	No
O43399	7165	TPD52L2	chromatin immunoprecipitation assay	27924024	Homo sapiens	GTRD	No
Q13423	23530	NNT	chromatin immunoprecipitation assay	27924024	Homo sapiens	GTRD	No
Q96N67	85440	DOCK7	chromatin immunoprecipitation assay	27924024	Homo sapiens	GTRD	No
Q53SF7	22837	COBLL1	chromatin immunoprecipitation assay	27924024	Homo sapiens	GTRD	No
Q16099	2900	GRIK4	chromatin immunoprecipitation assay	27924024	Homo sapiens	GTRD	No
Q8TAP8	221908	PPP1R35	chromatin immunoprecipitation assay	27924024	Homo sapiens	GTRD	No
O75061	9829	DNAJC6	chromatin immunoprecipitation assay	27924024	Homo sapiens	GTRD	No
Q01518	10487	CAP1	chromatin immunoprecipitation assay	27924024	Homo sapiens	GTRD	No
P49321	4678	NASP	chromatin immunoprecipitation assay	27924024	Homo sapiens	GTRD	No
Q9Y5W3	10365	KLF2	chromatin immunoprecipitation assay	27924024	Homo sapiens	GTRD	No
Q99674	10669	CGREF1	chromatin immunoprecipitation assay	27924024	Homo sapiens	GTRD	No
P55196	4301	AFDN	chromatin immunoprecipitation assay	27924024	Homo sapiens	GTRD	No
Q9NZV1	51232	CRIM1	chromatin immunoprecipitation assay	27924024	Homo sapiens	GTRD	No
Q02297	3084	NRG1	chromatin immunoprecipitation assay	27924024	Homo sapiens	GTRD	No
Q6PCB7	376497	SLC27A1	chromatin immunoprecipitation assay	27924024	Homo sapiens	GTRD	No
P12277	1152	CKB	chromatin immunoprecipitation assay	27924024	Homo sapiens	GTRD	No
O15018	23037	PDZD2	chromatin immunoprecipitation assay	27924024	Homo sapiens	GTRD	No
Q92988	1748	DLX4	chromatin immunoprecipitation assay	27924024	Homo sapiens	GTRD	No
Q86Z02	204851	HIPK1	chromatin immunoprecipitation assay	27924024	Homo sapiens	GTRD	No
Q7Z553	161357	MDGA2	chromatin immunoprecipitation assay	27924024	Homo sapiens	GTRD	No
Q6PJF5	79651	RHBDF2	chromatin immunoprecipitation assay	27924024	Homo sapiens	GTRD	No
Q9H8N7	55893	ZNF395	chromatin immunoprecipitation assay	27924024	Homo sapiens	GTRD	No
Q9P1U1	57180	ACTR3B	chromatin immunoprecipitation assay	27924024	Homo sapiens	GTRD	No
Q9NQR1	387893	KMT5A	chromatin immunoprecipitation assay	27924024	Homo sapiens	GTRD	No
P61968	8543	LMO4	chromatin immunoprecipitation assay	27924024	Homo sapiens	GTRD	No
Q9BZ95	54904	NSD3	chromatin immunoprecipitation assay	27924024	Homo sapiens	GTRD	No
Q2M389	23325	WASHC4	chromatin immunoprecipitation assay	27924024	Homo sapiens	GTRD	No
P19174	5335	PLCG1	chromatin immunoprecipitation assay	27924024	Homo sapiens	GTRD	No
Q8N370	124935	SLC43A2	chromatin immunoprecipitation assay	27924024	Homo sapiens	GTRD	No
Q15329	1875	E2F5	chromatin immunoprecipitation assay	27924024	Homo sapiens	GTRD	No
Q8IWY4	80274	SCUBE1	chromatin immunoprecipitation assay	27924024	Homo sapiens	GTRD	No
Q08828	107	ADCY1	chromatin immunoprecipitation assay	27924024	Homo sapiens	GTRD	No
Q6PCT2	54620	FBXL19	chromatin immunoprecipitation assay	27924024	Homo sapiens	GTRD	No
Q99784	10439	OLFM1	chromatin immunoprecipitation assay	27924024	Homo sapiens	GTRD	No
Q63ZY3	25959	KANK2	chromatin immunoprecipitation assay	27924024	Homo sapiens	GTRD	No
S4R325	100534592	URGCP-MRPS24	chromatin immunoprecipitation assay	27924024	Homo sapiens	GTRD	No
Q13946	5150	PDE7A	chromatin immunoprecipitation assay	27924024	Homo sapiens	GTRD	No
P48067	6536	SLC6A9	chromatin immunoprecipitation assay	27924024	Homo sapiens	GTRD	No
Q9Y5X2	29886	SNX8	chromatin immunoprecipitation assay	27924024	Homo sapiens	GTRD	No
Q99683	4217	MAP3K5	chromatin immunoprecipitation assay	27924024	Homo sapiens	GTRD	No
Q96CD0	55336	FBXL8	chromatin immunoprecipitation assay	27924024	Homo sapiens	GTRD	No
Q9BVV8	55009	FAM174C	chromatin immunoprecipitation assay	27924024	Homo sapiens	GTRD	No
O95644	4772	NFATC1	chromatin immunoprecipitation assay	27924024	Homo sapiens	GTRD	No
P20151	3817	KLK2	chromatin immunoprecipitation assay	27924024	Homo sapiens	GTRD	No
Q01650	8140	SLC7A5	chromatin immunoprecipitation assay	27924024	Homo sapiens	GTRD	No
Q9UBY5	23566	LPAR3	chromatin immunoprecipitation assay	27924024	Homo sapiens	GTRD	No
Q8WX92	25920	NELFB	chromatin immunoprecipitation assay	27924024	Homo sapiens	GTRD	No
Q8N682	55332	DRAM1	chromatin immunoprecipitation assay	27924024	Homo sapiens	GTRD	No
O15027	9919	SEC16A	chromatin immunoprecipitation assay	27924024	Homo sapiens	GTRD	No
Q6NT89	388610	TRNP1	chromatin immunoprecipitation assay	27924024	Homo sapiens	GTRD	No
Q92997	1857	DVL3	chromatin immunoprecipitation assay	27924024	Homo sapiens	GTRD	No
Q7Z3S7	93589	CACNA2D4	chromatin immunoprecipitation assay	27924024	Homo sapiens	GTRD	No
Q9BTV6	92715	DPH7	chromatin immunoprecipitation assay	27924024	Homo sapiens	GTRD	No
Q8WU67	171586	ABHD3	chromatin immunoprecipitation assay	27924024	Homo sapiens	GTRD	No
Q9NUE0	84243	ZDHHC18	chromatin immunoprecipitation assay	27924024	Homo sapiens	GTRD	No
O60902	6474	SHOX2	chromatin immunoprecipitation assay	27924024	Homo sapiens	GTRD	No
Q5T4T1	100113407	TMEM170B	chromatin immunoprecipitation assay	27924024	Homo sapiens	GTRD	No
Q7Z4V0	220929	ZNF438	chromatin immunoprecipitation assay	27924024	Homo sapiens	GTRD	No
Q13643	2275	FHL3	chromatin immunoprecipitation assay	27924024	Homo sapiens	GTRD	No
Q9BQG0	10514	MYBBP1A	chromatin immunoprecipitation assay	27924024	Homo sapiens	GTRD	No
Q8N6G5	55454	CSGALNACT2	chromatin immunoprecipitation assay	27924024	Homo sapiens	GTRD	No
Q96B33	137075	CLDN23	chromatin immunoprecipitation assay	27924024	Homo sapiens	GTRD	No
Q5VUD6	138311	DIPK1B	chromatin immunoprecipitation assay	27924024	Homo sapiens	GTRD	No
P39019	6223	RPS19	chromatin immunoprecipitation assay	27924024	Homo sapiens	GTRD	No
Q13542	1979	EIF4EBP2	chromatin immunoprecipitation assay	27924024	Homo sapiens	GTRD	No
Q4KMQ1	286262	TPRN	chromatin immunoprecipitation assay	27924024	Homo sapiens	GTRD	No
Q6NUJ5	170394	PWWP2B	chromatin immunoprecipitation assay	27924024	Homo sapiens	GTRD	No
Q96A32	29895	MYLPF	chromatin immunoprecipitation assay	27924024	Homo sapiens	GTRD	No
P13861	5576	PRKAR2A	chromatin immunoprecipitation assay	27924024	Homo sapiens	GTRD	No
E5RJM6	441869	ANKRD65	chromatin immunoprecipitation assay	27924024	Homo sapiens	GTRD	No
Q9Y2G3	23200	ATP11B	chromatin immunoprecipitation assay	27924024	Homo sapiens	GTRD	No
Q8N568	166614	DCLK2	chromatin immunoprecipitation assay	27924024	Homo sapiens	GTRD	No
Q6ZRV2	286077	FAM83H	chromatin immunoprecipitation assay	27924024	Homo sapiens	GTRD	No
O15260	6836	SURF4	chromatin immunoprecipitation assay	27924024	Homo sapiens	GTRD	No
Q96RY7	9742	IFT140	chromatin immunoprecipitation assay	27924024	Homo sapiens	GTRD	No
P78333	2262	GPC5	chromatin immunoprecipitation assay	27924024	Homo sapiens	GTRD	No
P22694	5567	PRKACB	chromatin immunoprecipitation assay	27924024	Homo sapiens	GTRD	No
Q765P7	92154	MTSS2	chromatin immunoprecipitation assay	27924024	Homo sapiens	GTRD	No
Q15035	9697	TRAM2	chromatin immunoprecipitation assay	27924024	Homo sapiens	GTRD	No
Q9H6A0	79961	DENND2D	chromatin immunoprecipitation assay	27924024	Homo sapiens	GTRD	No
Q9Y267	9389	SLC22A14	chromatin immunoprecipitation assay	27924024	Homo sapiens	GTRD	No
Q96KX1	132989	C4orf36	chromatin immunoprecipitation assay	27924024	Homo sapiens	GTRD	No
Q6ZMD2	201305	SPNS3	chromatin immunoprecipitation assay	27924024	Homo sapiens	GTRD	No
P52951	2637	GBX2	chromatin immunoprecipitation assay	27924024	Homo sapiens	GTRD	No
Q96CT2	114818	KLHL29	chromatin immunoprecipitation assay	27924024	Homo sapiens	GTRD	No
Q15672	7291	TWIST1	chromatin immunoprecipitation assay	27924024	Homo sapiens	GTRD	No
P29692	1936	EEF1D	chromatin immunoprecipitation assay	27924024	Homo sapiens	GTRD	No
P54132	641	BLM	chromatin immunoprecipitation assay	27924024	Homo sapiens	GTRD	No
Q9NSC5	9454	HOMER3	chromatin immunoprecipitation assay	27924024	Homo sapiens	GTRD	No
Q96AQ8	63933	MCUR1	chromatin immunoprecipitation assay	27924024	Homo sapiens	GTRD	No
Q08209	5530	PPP3CA	chromatin immunoprecipitation assay	27924024	Homo sapiens	GTRD	No
Q13428	6949	TCOF1	chromatin immunoprecipitation assay	27924024	Homo sapiens	GTRD	No
Q8TAD2	53342	IL17D	chromatin immunoprecipitation assay	27924024	Homo sapiens	GTRD	No
P63167	8655	DYNLL1	chromatin immunoprecipitation assay	27924024	Homo sapiens	GTRD	No
P27448	4140	MARK3	chromatin immunoprecipitation assay	27924024	Homo sapiens	GTRD	No
O75167	9749	PHACTR2	chromatin immunoprecipitation assay	27924024	Homo sapiens	GTRD	No
P49427	997	CDC34	chromatin immunoprecipitation assay	27924024	Homo sapiens	GTRD	No
Q5VUE5	388722	C1orf53	chromatin immunoprecipitation assay	27924024	Homo sapiens	GTRD	No
Q6NUK4	221035	REEP3	chromatin immunoprecipitation assay	27924024	Homo sapiens	GTRD	No
P08651	4782	NFIC	chromatin immunoprecipitation assay	27924024	Homo sapiens	GTRD	No
Q8N5H3	23625	FAM89B	chromatin immunoprecipitation assay	27924024	Homo sapiens	GTRD	No
Q96CC6	64285	RHBDF1	chromatin immunoprecipitation assay	27924024	Homo sapiens	GTRD	No
Q9NWD8	55069	TMEM248	chromatin immunoprecipitation assay	27924024	Homo sapiens	GTRD	No
Q9NQC3	57142	RTN4	chromatin immunoprecipitation assay	27924024	Homo sapiens	GTRD	No
Q8N3E9	113026	PLCD3	chromatin immunoprecipitation assay	27924024	Homo sapiens	GTRD	No
Q8IU89	204219	CERS3	chromatin immunoprecipitation assay	27924024	Homo sapiens	GTRD	No
P42126	1632	ECI1	chromatin immunoprecipitation assay	27924024	Homo sapiens	GTRD	No
Q8WXX7	26053	AUTS2	chromatin immunoprecipitation assay	27924024	Homo sapiens	GTRD	No
Q9Y2H2	22876	INPP5F	chromatin immunoprecipitation assay	27924024	Homo sapiens	GTRD	No
Q9NPC2	51305	KCNK9	chromatin immunoprecipitation assay	27924024	Homo sapiens	GTRD	No
Q9P258	55920	RCC2	chromatin immunoprecipitation assay	27924024	Homo sapiens	GTRD	No
A0A0U1RQV1	NA	ERVK3-1	chromatin immunoprecipitation assay	27924024	Homo sapiens	GTRD	No
Q9HAU4	64750	SMURF2	chromatin immunoprecipitation assay	27924024	Homo sapiens	GTRD	No
Q9BV87	27013	CNPPD1	chromatin immunoprecipitation assay	27924024	Homo sapiens	GTRD	No
P51798	1186	CLCN7	chromatin immunoprecipitation assay	27924024	Homo sapiens	GTRD	No
Q13639	3360	HTR4	chromatin immunoprecipitation assay	27924024	Homo sapiens	GTRD	No
Q96D53	79934	COQ8B	chromatin immunoprecipitation assay	27924024	Homo sapiens	GTRD	No
P49638	7274	TTPA	chromatin immunoprecipitation assay	27924024	Homo sapiens	GTRD	No
Q8TE49	161725	OTUD7A	chromatin immunoprecipitation assay	27924024	Homo sapiens	GTRD	No
P34059	2588	GALNS	chromatin immunoprecipitation assay	27924024	Homo sapiens	GTRD	No
Q8TF72	57619	SHROOM3	chromatin immunoprecipitation assay	27924024	Homo sapiens	GTRD	No
Q9BZY9	11074	TRIM31	chromatin immunoprecipitation assay	27924024	Homo sapiens	GTRD	No
A0A1B0GU92	NA	-	chromatin immunoprecipitation assay	27924024	Homo sapiens	GTRD	No
P0C263	NA	SBK2	chromatin immunoprecipitation assay	27924024	Homo sapiens	GTRD	No
Q4KMP7	26000	TBC1D10B	chromatin immunoprecipitation assay	27924024	Homo sapiens	GTRD	No
Q9NSD4	NA	ZNF275	chromatin immunoprecipitation assay	27924024	Homo sapiens	GTRD	No
Q8IWY9	146059	CDAN1	chromatin immunoprecipitation assay	27924024	Homo sapiens	GTRD	No
Q17RG1	146212	KCTD19	chromatin immunoprecipitation assay	27924024	Homo sapiens	GTRD	No
P10082	5697	PYY	chromatin immunoprecipitation assay	27924024	Homo sapiens	GTRD	No
Q9Y689	26225	ARL5A	chromatin immunoprecipitation assay	27924024	Homo sapiens	GTRD	No
Q8TCT6	121665	SPPL3	chromatin immunoprecipitation assay	27924024	Homo sapiens	GTRD	No
Q9Y2F9	22903	BTBD3	chromatin immunoprecipitation assay	27924024	Homo sapiens	GTRD	No
O15357	3636	INPPL1	chromatin immunoprecipitation assay	27924024	Homo sapiens	GTRD	No
Q03060	1390	CREM	chromatin immunoprecipitation assay	27924024	Homo sapiens	GTRD	No
Q9NZW5	51678	MPP6	chromatin immunoprecipitation assay	27924024	Homo sapiens	GTRD	No
Q9Y487	23545	ATP6V0A2	chromatin immunoprecipitation assay	27924024	Homo sapiens	GTRD	No
Q6ZS82	388531	RGS9BP	chromatin immunoprecipitation assay	27924024	Homo sapiens	GTRD	No
Q9P267	55777	MBD5	chromatin immunoprecipitation assay	27924024	Homo sapiens	GTRD	No
Q6PJG9	78999	LRFN4	chromatin immunoprecipitation assay	27924024	Homo sapiens	GTRD	No
P52209	5226	PGD	chromatin immunoprecipitation assay	27924024	Homo sapiens	GTRD	No
Q9HCE9	57719	ANO8	chromatin immunoprecipitation assay	27924024	Homo sapiens	GTRD	No
Q9UQD0	6334	SCN8A	chromatin immunoprecipitation assay	27924024	Homo sapiens	GTRD	No
P21709	2041	EPHA1	chromatin immunoprecipitation assay	27924024	Homo sapiens	GTRD	No
Q4VC05	605	BCL7A	chromatin immunoprecipitation assay	27924024	Homo sapiens	GTRD	No
Q9H310	57127	RHBG	chromatin immunoprecipitation assay	27924024	Homo sapiens	GTRD	No
Q9UM21	11320	MGAT4A	chromatin immunoprecipitation assay	27924024	Homo sapiens	GTRD	No
Q01453	5376	PMP22	chromatin immunoprecipitation assay	27924024	Homo sapiens	GTRD	No
Q9NQ36	57758	SCUBE2	chromatin immunoprecipitation assay	27924024	Homo sapiens	GTRD	No
Q96NI6	145581	LRFN5	chromatin immunoprecipitation assay	27924024	Homo sapiens	GTRD	No
Q7Z4V5	84717	HDGFL2	chromatin immunoprecipitation assay	27924024	Homo sapiens	GTRD	No
P21731	6915	TBXA2R	chromatin immunoprecipitation assay	27924024	Homo sapiens	GTRD	No
Q8WUY3	158471	PRUNE2	chromatin immunoprecipitation assay	27924024	Homo sapiens	GTRD	No
