UniprotID.Target	NCBI.GeneID.Target	Name.Target	Detection.method	PubmedID	Organism	Source.database	Small-scale.evidence
Q9D8X5	69125	Cnot8	chromatin immunoprecipitation assay	27924024	Mus musculus	GTRD	No
Q3UPL0	69162	Sec31a	chromatin immunoprecipitation assay	27924024	Mus musculus	GTRD	No
Q8BVV7	320162	Cep95	chromatin immunoprecipitation assay	27924024	Mus musculus	GTRD	No
Q5SXY1	NA	Specc1	chromatin immunoprecipitation assay	27924024	Mus musculus	GTRD	No
E9Q4P1	69368	Wdfy1	chromatin immunoprecipitation assay	27924024	Mus musculus	GTRD	No
Q8C726	224671	Btbd9	chromatin immunoprecipitation assay	27924024	Mus musculus	GTRD	No
Q8CHI8	75560	Ep400	chromatin immunoprecipitation assay	27924024	Mus musculus	GTRD	No
Q65Z95	77864	Ypel2	chromatin immunoprecipitation assay	27924024	Mus musculus	GTRD	No
Q9ERP3	58522	Trim54	chromatin immunoprecipitation assay	27924024	Mus musculus	GTRD	No
Q6PGC9	228807	Zfp341	chromatin immunoprecipitation assay	27924024	Mus musculus	GTRD	No
P42208	18000	Septin2	chromatin immunoprecipitation assay	27924024	Mus musculus	GTRD	No
Q99LP8	74766	Yipf2	chromatin immunoprecipitation assay	27924024	Mus musculus	GTRD	No
Q3ULJ8	245263	Gm4981	chromatin immunoprecipitation assay	27924024	Mus musculus	GTRD	No
P19182	15982	Ifrd1	chromatin immunoprecipitation assay	27924024	Mus musculus	GTRD	No
Q9D4H9	75725	Phf14	chromatin immunoprecipitation assay	27924024	Mus musculus	GTRD	No
Q9CYQ7	67608	Narf	chromatin immunoprecipitation assay	27924024	Mus musculus	GTRD	No
Q9CQM8	19933	Rpl21	chromatin immunoprecipitation assay	27924024	Mus musculus	GTRD	No
V9GX48	269702	Mphosph9	chromatin immunoprecipitation assay	27924024	Mus musculus	GTRD	No
P42125	13177	Eci1	chromatin immunoprecipitation assay	27924024	Mus musculus	GTRD	No
Q1HFZ0	28114	Nsun2	chromatin immunoprecipitation assay	27924024	Mus musculus	GTRD	No
F7D7A9	18768	Pkib	chromatin immunoprecipitation assay	27924024	Mus musculus	GTRD	No
Q8C547	320473	Heatr5b	chromatin immunoprecipitation assay	27924024	Mus musculus	GTRD	No
Q9R1X4	21853	Timeless	chromatin immunoprecipitation assay	27924024	Mus musculus	GTRD	No
D3YXI6	67956	Kmt5a	chromatin immunoprecipitation assay	27924024	Mus musculus	GTRD	No
Q62420	20404	Sh3gl2	chromatin immunoprecipitation assay	27924024	Mus musculus	GTRD	No
P56380	66401	Nudt2	chromatin immunoprecipitation assay	27924024	Mus musculus	GTRD	No
Q9CZU4	57837	Eral1	chromatin immunoprecipitation assay	27924024	Mus musculus	GTRD	No
Q8CH02	70616	Sugp1	chromatin immunoprecipitation assay	27924024	Mus musculus	GTRD	No
P03888	17716,3338902	Mtnd1	chromatin immunoprecipitation assay	27924024	Mus musculus	GTRD	No
Q8BNI4	116891	Derl2	chromatin immunoprecipitation assay	27924024	Mus musculus	GTRD	No
Q80ZK9	230796	Wdtc1	chromatin immunoprecipitation assay	27924024	Mus musculus	GTRD	No
Q9D7N6	107734	Mrpl30	chromatin immunoprecipitation assay	27924024	Mus musculus	GTRD	No
Q80SY6	75894	Adal	chromatin immunoprecipitation assay	27924024	Mus musculus	GTRD	No
Q99KV1	67838	Dnajb11	chromatin immunoprecipitation assay	27924024	Mus musculus	GTRD	No
Q9CRD0	68095	Ociad1	chromatin immunoprecipitation assay	27924024	Mus musculus	GTRD	No
Q8BH82	242864	Napepld	chromatin immunoprecipitation assay	27924024	Mus musculus	GTRD	No
Q62425	17992	Ndufa4	chromatin immunoprecipitation assay	27924024	Mus musculus	GTRD	No
Q8BL95	68001	Cfap298	chromatin immunoprecipitation assay	27924024	Mus musculus	GTRD	No
O54785	16886	Limk2	chromatin immunoprecipitation assay	27924024	Mus musculus	GTRD	No
Q6ZQ93	17847	Usp34	chromatin immunoprecipitation assay	27924024	Mus musculus	GTRD	No
Q8BGV7	233877	Kctd13	chromatin immunoprecipitation assay	27924024	Mus musculus	GTRD	No
Q9CZV8	72194	Fbxl20	chromatin immunoprecipitation assay	27924024	Mus musculus	GTRD	No
Q7TPQ3	268281	Shprh	chromatin immunoprecipitation assay	27924024	Mus musculus	GTRD	No
Q6P9S7	171212	Galnt10	chromatin immunoprecipitation assay	27924024	Mus musculus	GTRD	No
P35564	12330	Canx	chromatin immunoprecipitation assay	27924024	Mus musculus	GTRD	No
P30999	12388	Ctnnd1	chromatin immunoprecipitation assay	27924024	Mus musculus	GTRD	No
Q8VCK3	103768	Tubg2	chromatin immunoprecipitation assay	27924024	Mus musculus	GTRD	No
Q3URE1	257633	Acsf3	chromatin immunoprecipitation assay	27924024	Mus musculus	GTRD	No
Q9DBG1	104086	Cyp27a1	chromatin immunoprecipitation assay	27924024	Mus musculus	GTRD	No
Q8BYR1	329504	Lcmt2	chromatin immunoprecipitation assay	27924024	Mus musculus	GTRD	No
Q8K5C0	252973	Grhl2	chromatin immunoprecipitation assay	27924024	Mus musculus	GTRD	No
Q91WE4	407819	-	chromatin immunoprecipitation assay	27924024	Mus musculus	GTRD	No
Q9QXT9	27274	Znf354b	chromatin immunoprecipitation assay	27924024	Mus musculus	GTRD	No
Q8BVA2	52174	Tmem222	chromatin immunoprecipitation assay	27924024	Mus musculus	GTRD	No
P00405	17709	Mtco2	chromatin immunoprecipitation assay	27924024	Mus musculus	GTRD	No
Q8BHH9	104885	Tmem179	chromatin immunoprecipitation assay	27924024	Mus musculus	GTRD	No
O88569	53379	Hnrnpa2b1	chromatin immunoprecipitation assay	27924024	Mus musculus	GTRD	No
Q9CPU4	66447	Mgst3	chromatin immunoprecipitation assay	27924024	Mus musculus	GTRD	No
O35071	16562	Kif1c	chromatin immunoprecipitation assay	27924024	Mus musculus	GTRD	No
Q8K2B3	66945	Sdha	chromatin immunoprecipitation assay	27924024	Mus musculus	GTRD	No
Q6PKN7	103844	Inca1	chromatin immunoprecipitation assay	27924024	Mus musculus	GTRD	No
Q9CPV3	67270	Mrpl42	chromatin immunoprecipitation assay	27924024	Mus musculus	GTRD	No
E9QAN8	240752	Pik3c2b	chromatin immunoprecipitation assay	27924024	Mus musculus	GTRD	No
D3Z3Y1	433931	Pigg	chromatin immunoprecipitation assay	27924024	Mus musculus	GTRD	No
A6H630	73419	Armt1	chromatin immunoprecipitation assay	27924024	Mus musculus	GTRD	No
Q9Z1F9	50995	Uba2	chromatin immunoprecipitation assay	27924024	Mus musculus	GTRD	No
Q61907	18618	Pemt	chromatin immunoprecipitation assay	27924024	Mus musculus	GTRD	No
Q9D131	68721	-	chromatin immunoprecipitation assay	27924024	Mus musculus	GTRD	No
Q9CXK4	19729	Slc50a1	chromatin immunoprecipitation assay	27924024	Mus musculus	GTRD	No
Q9D219	77578	Bcl9	chromatin immunoprecipitation assay	27924024	Mus musculus	GTRD	No
E9QN69	67708	Pcnx4	chromatin immunoprecipitation assay	27924024	Mus musculus	GTRD	No
Q9CQZ0	66844	Ormdl2	chromatin immunoprecipitation assay	27924024	Mus musculus	GTRD	No
P53351	20620	Plk2	chromatin immunoprecipitation assay	27924024	Mus musculus	GTRD	No
Q02248	12387	Ctnnb1	chromatin immunoprecipitation assay	27924024	Mus musculus	GTRD	No
Q8CIW5	226153	Twnk	chromatin immunoprecipitation assay	27924024	Mus musculus	GTRD	No
Q69ZH9	58996	Arhgap23	chromatin immunoprecipitation assay	27924024	Mus musculus	GTRD	No
Q8K363	66942	Ddx18	chromatin immunoprecipitation assay	27924024	Mus musculus	GTRD	No
Q9CPX6	67841	Atg3	chromatin immunoprecipitation assay	27924024	Mus musculus	GTRD	No
Q920R0	74018	Als2	chromatin immunoprecipitation assay	27924024	Mus musculus	GTRD	No
Q9QXY9	56535	Pex3	chromatin immunoprecipitation assay	27924024	Mus musculus	GTRD	No
Q4VA93	18750	Prkca	chromatin immunoprecipitation assay	27924024	Mus musculus	GTRD	No
J3QP72	NA	Gm21738	chromatin immunoprecipitation assay	27924024	Mus musculus	GTRD	No
Q99KK9	70791	Hars2	chromatin immunoprecipitation assay	27924024	Mus musculus	GTRD	No
D3Z1I7	NA	Gm10718	chromatin immunoprecipitation assay	27924024	Mus musculus	GTRD	No
Q5F204	76668	Mdh1b	chromatin immunoprecipitation assay	27924024	Mus musculus	GTRD	No
A2AQJ6	211499	Tmem87a	chromatin immunoprecipitation assay	27924024	Mus musculus	GTRD	No
A0A0A0MQA2	26390	Mapkbp1	chromatin immunoprecipitation assay	27924024	Mus musculus	GTRD	No
Q8K368	208836	Fanci	chromatin immunoprecipitation assay	27924024	Mus musculus	GTRD	No
Q5SWW4	327987	Med13	chromatin immunoprecipitation assay	27924024	Mus musculus	GTRD	No
Q5SW75	237860	Ssh2	chromatin immunoprecipitation assay	27924024	Mus musculus	GTRD	No
Q9Z1L3	21945	Dedd	chromatin immunoprecipitation assay	27924024	Mus musculus	GTRD	No
P0DJF2	100048644	Pet117	chromatin immunoprecipitation assay	27924024	Mus musculus	GTRD	No
A2AEG2	237222	Ofd1	chromatin immunoprecipitation assay	27924024	Mus musculus	GTRD	No
Q60597	18293	Ogdh	chromatin immunoprecipitation assay	27924024	Mus musculus	GTRD	No
Q9WUB4	22428	Dctn6	chromatin immunoprecipitation assay	27924024	Mus musculus	GTRD	No
Q9D273	77697	Mmab	chromatin immunoprecipitation assay	27924024	Mus musculus	GTRD	No
Q80Y81	68626	Elac2	chromatin immunoprecipitation assay	27924024	Mus musculus	GTRD	No
Q8K2I1	110606	Fntb	chromatin immunoprecipitation assay	27924024	Mus musculus	GTRD	No
A0A0G2JFN9	NA	Ighv1-67	chromatin immunoprecipitation assay	27924024	Mus musculus	GTRD	No
Q8R059	74246	Gale	chromatin immunoprecipitation assay	27924024	Mus musculus	GTRD	No
H3BLB0	NA	Zfp989	chromatin immunoprecipitation assay	27924024	Mus musculus	GTRD	No
D3Z3N4	432467	Hnrnph3	chromatin immunoprecipitation assay	27924024	Mus musculus	GTRD	No
Q61553	14086	Fscn1	chromatin immunoprecipitation assay	27924024	Mus musculus	GTRD	No
D6RCG4	NA	Ube2w	chromatin immunoprecipitation assay	27924024	Mus musculus	GTRD	No
A2AA67	NA	D930048N14Rik	chromatin immunoprecipitation assay	27924024	Mus musculus	GTRD	No
Q61035	15115	Hars1	chromatin immunoprecipitation assay	27924024	Mus musculus	GTRD	No
Q8BWY7	69806	Slc39a11	chromatin immunoprecipitation assay	27924024	Mus musculus	GTRD	No
P59708	66055	Sf3b6	chromatin immunoprecipitation assay	27924024	Mus musculus	GTRD	No
P62806	100041230,319155,319156,319157,319158,319159,319160,319161,320332,326619,326620,69386,97122	H4c1; H4c2; H4c3; H4c4; H4c6; H4c8; H4c9; H4c11; H4c12; Hist1h4m; H4c14; H4f16	chromatin immunoprecipitation assay	27924024	Mus musculus	GTRD	No
Q8BG51	59040	Rhot1	chromatin immunoprecipitation assay	27924024	Mus musculus	GTRD	No
Q9CQP2	66050,66226	Trappc2	chromatin immunoprecipitation assay	27924024	Mus musculus	GTRD	No
O08760	18294	Ogg1	chromatin immunoprecipitation assay	27924024	Mus musculus	GTRD	No
Q922Y0	226419	Dyrk3	chromatin immunoprecipitation assay	27924024	Mus musculus	GTRD	No
D3Z4R1	330149	Hfm1	chromatin immunoprecipitation assay	27924024	Mus musculus	GTRD	No
Q3UFY7	68106	Nt5c3b	chromatin immunoprecipitation assay	27924024	Mus musculus	GTRD	No
Q61879	77579	Myh10	chromatin immunoprecipitation assay	27924024	Mus musculus	GTRD	No
Q8VDV8	69028	Mitd1	chromatin immunoprecipitation assay	27924024	Mus musculus	GTRD	No
Q3UUQ7	241062	Pgap1	chromatin immunoprecipitation assay	27924024	Mus musculus	GTRD	No
Q6X786	69376	Zpbp2	chromatin immunoprecipitation assay	27924024	Mus musculus	GTRD	No
Q9D099	66190	Acer3	chromatin immunoprecipitation assay	27924024	Mus musculus	GTRD	No
Q80VL1	72634	Tdrkh	chromatin immunoprecipitation assay	27924024	Mus musculus	GTRD	No
Q9ESV0	27225	Ddx24	chromatin immunoprecipitation assay	27924024	Mus musculus	GTRD	No
G3UVV3	240476	Zfp407	chromatin immunoprecipitation assay	27924024	Mus musculus	GTRD	No
Q8CCM6	67105	Timm21	chromatin immunoprecipitation assay	27924024	Mus musculus	GTRD	No
E9Q3U2	NA	Gm20449	chromatin immunoprecipitation assay	27924024	Mus musculus	GTRD	No
Q99LD9	217715	Eif2b2	chromatin immunoprecipitation assay	27924024	Mus musculus	GTRD	No
Q544E8	58222	Rab37	chromatin immunoprecipitation assay	27924024	Mus musculus	GTRD	No
Q8C172	241447	Cers6	chromatin immunoprecipitation assay	27924024	Mus musculus	GTRD	No
Q7TSA6	333193	Proser3	chromatin immunoprecipitation assay	27924024	Mus musculus	GTRD	No
Q8K310	17184	Matr3	chromatin immunoprecipitation assay	27924024	Mus musculus	GTRD	No
Q6NZQ4	55982	Paxip1	chromatin immunoprecipitation assay	27924024	Mus musculus	GTRD	No
Q9CXW2	64655	Mrps22	chromatin immunoprecipitation assay	27924024	Mus musculus	GTRD	No
Q91WE1	69024	Snx15	chromatin immunoprecipitation assay	27924024	Mus musculus	GTRD	No
O35261	13557	E2f3	chromatin immunoprecipitation assay	27924024	Mus musculus	GTRD	No
O70311	18108	Nmt2	chromatin immunoprecipitation assay	27924024	Mus musculus	GTRD	No
Q91XD8	208638	Slc25a38	chromatin immunoprecipitation assay	27924024	Mus musculus	GTRD	No
A0A0R4J1L9	102103	Mtus1	chromatin immunoprecipitation assay	27924024	Mus musculus	GTRD	No
Q9Z0F0	54218	B3galt4	chromatin immunoprecipitation assay	27924024	Mus musculus	GTRD	No
Q921M3	101943	Sf3b3	chromatin immunoprecipitation assay	27924024	Mus musculus	GTRD	No
Q91VT8	68552	Smim14	chromatin immunoprecipitation assay	27924024	Mus musculus	GTRD	No
Q8BGK2	234072	Adprhl1	chromatin immunoprecipitation assay	27924024	Mus musculus	GTRD	No
Q6ZQL4	72515	Wdr43	chromatin immunoprecipitation assay	27924024	Mus musculus	GTRD	No
Q78RX3	80284	Smim12	chromatin immunoprecipitation assay	27924024	Mus musculus	GTRD	No
B9EJW5	385674	Zfp174	chromatin immunoprecipitation assay	27924024	Mus musculus	GTRD	No
Q9D1A2	66054	Cndp2	chromatin immunoprecipitation assay	27924024	Mus musculus	GTRD	No
Q9D945	66225	Llph	chromatin immunoprecipitation assay	27924024	Mus musculus	GTRD	No
P60670	217365	Nploc4	chromatin immunoprecipitation assay	27924024	Mus musculus	GTRD	No
Q60865	53872	Caprin1	chromatin immunoprecipitation assay	27924024	Mus musculus	GTRD	No
J3QPC5	100043772	Zfp850	chromatin immunoprecipitation assay	27924024	Mus musculus	GTRD	No
Q8CFD5	71991	Ercc8	chromatin immunoprecipitation assay	27924024	Mus musculus	GTRD	No
Q9R111	14544	Gda	chromatin immunoprecipitation assay	27924024	Mus musculus	GTRD	No
Q8R033	108755	Lyrm2	chromatin immunoprecipitation assay	27924024	Mus musculus	GTRD	No
Q6P1G0	217026	Heatr6	chromatin immunoprecipitation assay	27924024	Mus musculus	GTRD	No
Q920B0	232288	Frmd4b	chromatin immunoprecipitation assay	27924024	Mus musculus	GTRD	No
Q8R1U1	102339	Cog4	chromatin immunoprecipitation assay	27924024	Mus musculus	GTRD	No
Q68FH4	69976	Galk2	chromatin immunoprecipitation assay	27924024	Mus musculus	GTRD	No
Q8CI78	66084	Rmnd1	chromatin immunoprecipitation assay	27924024	Mus musculus	GTRD	No
Q9Z2I9	20916	Sucla2	chromatin immunoprecipitation assay	27924024	Mus musculus	GTRD	No
Q9D8W5	66997	Psmd12	chromatin immunoprecipitation assay	27924024	Mus musculus	GTRD	No
A2AA28	74319	Mettl23	chromatin immunoprecipitation assay	27924024	Mus musculus	GTRD	No
J3QP74	NA	Gm10715	chromatin immunoprecipitation assay	27924024	Mus musculus	GTRD	No
Q9QXK7	54451	Cpsf3	chromatin immunoprecipitation assay	27924024	Mus musculus	GTRD	No
Q3UZ01	67225	Rnpc3	chromatin immunoprecipitation assay	27924024	Mus musculus	GTRD	No
Q6NWW5	109242	Kif24	chromatin immunoprecipitation assay	27924024	Mus musculus	GTRD	No
Q5SV80	66196	Myo19	chromatin immunoprecipitation assay	27924024	Mus musculus	GTRD	No
A2AQJ8	76051	Ganc	chromatin immunoprecipitation assay	27924024	Mus musculus	GTRD	No
Q9Z1K6	23807	Arih2	chromatin immunoprecipitation assay	27924024	Mus musculus	GTRD	No
O88811	56324	Stam2	chromatin immunoprecipitation assay	27924024	Mus musculus	GTRD	No
P54731	14084	Faf1	chromatin immunoprecipitation assay	27924024	Mus musculus	GTRD	No
Q9JHW4	65967	Eefsec	chromatin immunoprecipitation assay	27924024	Mus musculus	GTRD	No
Q8CDX6	NA	Gm9996	chromatin immunoprecipitation assay	27924024	Mus musculus	GTRD	No
O70494	20687	Sp3	chromatin immunoprecipitation assay	27924024	Mus musculus	GTRD	No
Q91VN1	59057	Znf24	chromatin immunoprecipitation assay	27924024	Mus musculus	GTRD	No
J3QNI2	NA	Gm11168	chromatin immunoprecipitation assay	27924024	Mus musculus	GTRD	No
Q9CYR0	381760	Ssbp1	chromatin immunoprecipitation assay	27924024	Mus musculus	GTRD	No
Q9D0F6	72151	Rfc5	chromatin immunoprecipitation assay	27924024	Mus musculus	GTRD	No
M0QWQ9	NA	Gm17174	chromatin immunoprecipitation assay	27924024	Mus musculus	GTRD	No
Q7TM95	332359	Tigd3	chromatin immunoprecipitation assay	27924024	Mus musculus	GTRD	No
A0A0J9YVH3	216177	AU041133	chromatin immunoprecipitation assay	27924024	Mus musculus	GTRD	No
Q99MP8	72399	Brap	chromatin immunoprecipitation assay	27924024	Mus musculus	GTRD	No
A0A087WSH6	620695	Gm13889	chromatin immunoprecipitation assay	27924024	Mus musculus	GTRD	No
Q91YP2	75805	Nln	chromatin immunoprecipitation assay	27924024	Mus musculus	GTRD	No
A0A0R4J0B8	20408	Sh3gl3	chromatin immunoprecipitation assay	27924024	Mus musculus	GTRD	No
Q3TXX3	319740	Zfyve27	chromatin immunoprecipitation assay	27924024	Mus musculus	GTRD	No
Q8C7U1	212706	N4bp3	chromatin immunoprecipitation assay	27924024	Mus musculus	GTRD	No
Q3UY23	382137	Fdxacb1	chromatin immunoprecipitation assay	27924024	Mus musculus	GTRD	No
Q8BGB8	227683	Coq4	chromatin immunoprecipitation assay	27924024	Mus musculus	GTRD	No
Q9QZ23	56748	Nfu1	chromatin immunoprecipitation assay	27924024	Mus musculus	GTRD	No
Q5HZK1	382010	Cep44	chromatin immunoprecipitation assay	27924024	Mus musculus	GTRD	No
Q8VC74	231430	Cox18	chromatin immunoprecipitation assay	27924024	Mus musculus	GTRD	No
Q3UV25	NA	-	chromatin immunoprecipitation assay	27924024	Mus musculus	GTRD	No
Q8C050	73086	Rps6ka5	chromatin immunoprecipitation assay	27924024	Mus musculus	GTRD	No
Q8VDG7	100163	Pafah2	chromatin immunoprecipitation assay	27924024	Mus musculus	GTRD	No
Q8BKW4	78796	Zcchc4	chromatin immunoprecipitation assay	27924024	Mus musculus	GTRD	No
P52963	13824	Epb41l4a	chromatin immunoprecipitation assay	27924024	Mus musculus	GTRD	No
Q99PG2	72075	Ogfr	chromatin immunoprecipitation assay	27924024	Mus musculus	GTRD	No
Q03265	11946	Atp5f1a	chromatin immunoprecipitation assay	27924024	Mus musculus	GTRD	No
A0A0N4SV92	NA	Duxf3	chromatin immunoprecipitation assay	27924024	Mus musculus	GTRD	No
Q8BGT8	70911	Phyhipl	chromatin immunoprecipitation assay	27924024	Mus musculus	GTRD	No
Q6NZP2	77110	Gpbp1l1	chromatin immunoprecipitation assay	27924024	Mus musculus	GTRD	No
F8VPQ2	238247	Arid4a	chromatin immunoprecipitation assay	27924024	Mus musculus	GTRD	No
Q8BJ83	68634	Tm2d3	chromatin immunoprecipitation assay	27924024	Mus musculus	GTRD	No
Q9DC38	NA	Gm7008	chromatin immunoprecipitation assay	27924024	Mus musculus	GTRD	No
O88545	26893	Cops6	chromatin immunoprecipitation assay	27924024	Mus musculus	GTRD	No
O35126	13498	Atn1	chromatin immunoprecipitation assay	27924024	Mus musculus	GTRD	No
Q8C4X0	NA	A730071L15Rik	chromatin immunoprecipitation assay	27924024	Mus musculus	GTRD	No
P28741	16568	Kif3a	chromatin immunoprecipitation assay	27924024	Mus musculus	GTRD	No
Q3TC33	67433	Ccdc127	chromatin immunoprecipitation assay	27924024	Mus musculus	GTRD	No
P49769	NA	Psen1	chromatin immunoprecipitation assay	27924024	Mus musculus	GTRD	No
Q9EQ61	64934	Pes1	chromatin immunoprecipitation assay	27924024	Mus musculus	GTRD	No
Q01887	20187	Ryk	chromatin immunoprecipitation assay	27924024	Mus musculus	GTRD	No
O35671	16413	Itgb1bp1	chromatin immunoprecipitation assay	27924024	Mus musculus	GTRD	No
A0A0G2JEI9	NA	Rsbn1l	chromatin immunoprecipitation assay	27924024	Mus musculus	GTRD	No
Q8BW10	67619	Nob1	chromatin immunoprecipitation assay	27924024	Mus musculus	GTRD	No
O35144	21750	Terf2	chromatin immunoprecipitation assay	27924024	Mus musculus	GTRD	No
Q8BGI1	51902	Rnf24	chromatin immunoprecipitation assay	27924024	Mus musculus	GTRD	No
Q69ZC8	67467	Gpalpp1	chromatin immunoprecipitation assay	27924024	Mus musculus	GTRD	No
Q61188	14056	Ezh2	chromatin immunoprecipitation assay	27924024	Mus musculus	GTRD	No
A3KGW5	99151	Cercam	chromatin immunoprecipitation assay	27924024	Mus musculus	GTRD	No
Q8CID0	228714	Kat14	chromatin immunoprecipitation assay	27924024	Mus musculus	GTRD	No
Q9CQE2	66836	Tmem223	chromatin immunoprecipitation assay	27924024	Mus musculus	GTRD	No
G5E870	14897	Trip12	chromatin immunoprecipitation assay	27924024	Mus musculus	GTRD	No
Q04863	19698	Relb	chromatin immunoprecipitation assay	27924024	Mus musculus	GTRD	No
Q9DB73	72017	Cyb5r1	chromatin immunoprecipitation assay	27924024	Mus musculus	GTRD	No
Q99KI0	11429	Aco2	chromatin immunoprecipitation assay	27924024	Mus musculus	GTRD	No
Q3URV1	544696	Tbc1d32	chromatin immunoprecipitation assay	27924024	Mus musculus	GTRD	No
Q9D819	67895	Ppa1	chromatin immunoprecipitation assay	27924024	Mus musculus	GTRD	No
Q9DCG6	68371	Pbld1	chromatin immunoprecipitation assay	27924024	Mus musculus	GTRD	No
Q8JZZ6	225339	Ammecr1l	chromatin immunoprecipitation assay	27924024	Mus musculus	GTRD	No
Q9CPV2	52717	Anapc16	chromatin immunoprecipitation assay	27924024	Mus musculus	GTRD	No
Q68FD5	67300	Cltc	chromatin immunoprecipitation assay	27924024	Mus musculus	GTRD	No
Q9CQE7	66366	Ergic3	chromatin immunoprecipitation assay	27924024	Mus musculus	GTRD	No
P62270	20084	Rps18	chromatin immunoprecipitation assay	27924024	Mus musculus	GTRD	No
A0A1D5RL92	27967	Cherp	chromatin immunoprecipitation assay	27924024	Mus musculus	GTRD	No
Q99JX7	53319	Nxf1	chromatin immunoprecipitation assay	27924024	Mus musculus	GTRD	No
P41216	14081	Acsl1	chromatin immunoprecipitation assay	27924024	Mus musculus	GTRD	No
Q5SV41	18559	Pctp	chromatin immunoprecipitation assay	27924024	Mus musculus	GTRD	No
Q91XH6	53612	Vti1b	chromatin immunoprecipitation assay	27924024	Mus musculus	GTRD	No
P03921	17721	Mtnd5	chromatin immunoprecipitation assay	27924024	Mus musculus	GTRD	No
Q7TND5	70285	Rpf1	chromatin immunoprecipitation assay	27924024	Mus musculus	GTRD	No
Q8K0C4	13121	Cyp51a1	chromatin immunoprecipitation assay	27924024	Mus musculus	GTRD	No
Q3UQ84	71807	Tars2	chromatin immunoprecipitation assay	27924024	Mus musculus	GTRD	No
P63213	14702	Gng2	chromatin immunoprecipitation assay	27924024	Mus musculus	GTRD	No
Q8BT35	NA	Mtln	chromatin immunoprecipitation assay	27924024	Mus musculus	GTRD	No
Q811J3	64602	Ireb2	chromatin immunoprecipitation assay	27924024	Mus musculus	GTRD	No
P62082	20115	Rps7	chromatin immunoprecipitation assay	27924024	Mus musculus	GTRD	No
Q02357	11733	Ank1	chromatin immunoprecipitation assay	27924024	Mus musculus	GTRD	No
Q8C9A2	338371	Endov	chromatin immunoprecipitation assay	27924024	Mus musculus	GTRD	No
Q9D2E1	58864	Tssk3	chromatin immunoprecipitation assay	27924024	Mus musculus	GTRD	No
Q9R008	17855	Mvk	chromatin immunoprecipitation assay	27924024	Mus musculus	GTRD	No
Q8K3W0	107976	Babam2	chromatin immunoprecipitation assay	27924024	Mus musculus	GTRD	No
Q9R1S0	27078	B9d1	chromatin immunoprecipitation assay	27924024	Mus musculus	GTRD	No
Q8CDU6	226098	Hectd2	chromatin immunoprecipitation assay	27924024	Mus musculus	GTRD	No
Q99ML9	93836	Rnf111	chromatin immunoprecipitation assay	27924024	Mus musculus	GTRD	No
P58021	68059	Tm9sf2	chromatin immunoprecipitation assay	27924024	Mus musculus	GTRD	No
F8VPZ3	237898	Usp32	chromatin immunoprecipitation assay	27924024	Mus musculus	GTRD	No
A0A0G2JDU2	NA	Gm42878	chromatin immunoprecipitation assay	27924024	Mus musculus	GTRD	No
P63034	19158	Cyth2	chromatin immunoprecipitation assay	27924024	Mus musculus	GTRD	No
Q8C2P3	68730	Dus1l	chromatin immunoprecipitation assay	27924024	Mus musculus	GTRD	No
P61963	71833	Dcaf7	chromatin immunoprecipitation assay	27924024	Mus musculus	GTRD	No
Q504N2	242126	Slc22a15	chromatin immunoprecipitation assay	27924024	Mus musculus	GTRD	No
Q922E6	75619	Fastkd2	chromatin immunoprecipitation assay	27924024	Mus musculus	GTRD	No
O70496	26373	Clcn7	chromatin immunoprecipitation assay	27924024	Mus musculus	GTRD	No
Q9D2X5	74549	Mau2	chromatin immunoprecipitation assay	27924024	Mus musculus	GTRD	No
Q9WV54	11886	Asah1	chromatin immunoprecipitation assay	27924024	Mus musculus	GTRD	No
P17879	15511	Hspa1b	chromatin immunoprecipitation assay	27924024	Mus musculus	GTRD	No
Q8VE73	66515	Cul7	chromatin immunoprecipitation assay	27924024	Mus musculus	GTRD	No
Q8C754	224705	Vps52	chromatin immunoprecipitation assay	27924024	Mus musculus	GTRD	No
Q6PGH0	327900	Ubtd2	chromatin immunoprecipitation assay	27924024	Mus musculus	GTRD	No
A2AQA1	545471	Zfp345	chromatin immunoprecipitation assay	27924024	Mus musculus	GTRD	No
Q5ND56	116972	Tlcd3a	chromatin immunoprecipitation assay	27924024	Mus musculus	GTRD	No
P27659	27367	Rpl3	chromatin immunoprecipitation assay	27924024	Mus musculus	GTRD	No
Q9Z1Q2	193742	Abhd16a	chromatin immunoprecipitation assay	27924024	Mus musculus	GTRD	No
Q9ERQ8	12354	Ca7	chromatin immunoprecipitation assay	27924024	Mus musculus	GTRD	No
A0A0N4SUK1	NA	AW822073	chromatin immunoprecipitation assay	27924024	Mus musculus	GTRD	No
E9Q1A6	66748	Erich2	chromatin immunoprecipitation assay	27924024	Mus musculus	GTRD	No
Q99P72	68585	Rtn4	chromatin immunoprecipitation assay	27924024	Mus musculus	GTRD	No
O54992	17165	Mapkapk5	chromatin immunoprecipitation assay	27924024	Mus musculus	GTRD	No
P62951	53619	Blcap	chromatin immunoprecipitation assay	27924024	Mus musculus	GTRD	No
Q8BVM4	242669	Azin2	chromatin immunoprecipitation assay	27924024	Mus musculus	GTRD	No
Q80ZM3	320204	Mettl20	chromatin immunoprecipitation assay	27924024	Mus musculus	GTRD	No
Q6ZWY9	319179,319181,68024	H2bc4; H2bc6; H2bc8	chromatin immunoprecipitation assay	27924024	Mus musculus	GTRD	No
Q9CRA9	67529	Fgfr1op2	chromatin immunoprecipitation assay	27924024	Mus musculus	GTRD	No
P08775	20020	Polr2a	chromatin immunoprecipitation assay	27924024	Mus musculus	GTRD	No
Q9D710	66958	Tmx2	chromatin immunoprecipitation assay	27924024	Mus musculus	GTRD	No
Q99J62	106344	Rfc4	chromatin immunoprecipitation assay	27924024	Mus musculus	GTRD	No
Q9CY73	69163	Mrpl44	chromatin immunoprecipitation assay	27924024	Mus musculus	GTRD	No
Q01063	238871	Pde4d	chromatin immunoprecipitation assay	27924024	Mus musculus	GTRD	No
Q91XC8	223453	Dap	chromatin immunoprecipitation assay	27924024	Mus musculus	GTRD	No
G3X939	105243	Slc9a3	chromatin immunoprecipitation assay	27924024	Mus musculus	GTRD	No
Q9QZ57	56534	Hspb3	chromatin immunoprecipitation assay	27924024	Mus musculus	GTRD	No
Q9ERE7	67943	Mesd	chromatin immunoprecipitation assay	27924024	Mus musculus	GTRD	No
Q9CQC6	66882	Bzw1	chromatin immunoprecipitation assay	27924024	Mus musculus	GTRD	No
Q5U430	68795	Ubr3	chromatin immunoprecipitation assay	27924024	Mus musculus	GTRD	No
Q91W53	57437	Golga7	chromatin immunoprecipitation assay	27924024	Mus musculus	GTRD	No
Q810V0	67973	Mphosph10	chromatin immunoprecipitation assay	27924024	Mus musculus	GTRD	No
Q6V595	239743	Klhl6	chromatin immunoprecipitation assay	27924024	Mus musculus	GTRD	No
Q9ER69	60532	Wtap	chromatin immunoprecipitation assay	27924024	Mus musculus	GTRD	No
Q9CRT8	NA	Xpot	chromatin immunoprecipitation assay	27924024	Mus musculus	GTRD	No
Q9WUZ7	50795	Sh3bgr	chromatin immunoprecipitation assay	27924024	Mus musculus	GTRD	No
Q80VP1	13854	Epn1	chromatin immunoprecipitation assay	27924024	Mus musculus	GTRD	No
Q91WG3	227682	Trub2	chromatin immunoprecipitation assay	27924024	Mus musculus	GTRD	No
Q3TKY6	67285	Cwc27	chromatin immunoprecipitation assay	27924024	Mus musculus	GTRD	No
P97801	20595	Smn1	chromatin immunoprecipitation assay	27924024	Mus musculus	GTRD	No
Q8BMN4	239833	Lmln	chromatin immunoprecipitation assay	27924024	Mus musculus	GTRD	No
E9Q3Z1	NA	B230217C12Rik	chromatin immunoprecipitation assay	27924024	Mus musculus	GTRD	No
O88487	13427	Dync1i2	chromatin immunoprecipitation assay	27924024	Mus musculus	GTRD	No
Q80XP8	72826	Fam76b	chromatin immunoprecipitation assay	27924024	Mus musculus	GTRD	No
Q8C1Y8	231874	Ccz1	chromatin immunoprecipitation assay	27924024	Mus musculus	GTRD	No
E9Q1X6	320095	6430550D23Rik	chromatin immunoprecipitation assay	27924024	Mus musculus	GTRD	No
Q3UVK0	226090	Ermp1	chromatin immunoprecipitation assay	27924024	Mus musculus	GTRD	No
Q8BPP5	320343	Lypd6	chromatin immunoprecipitation assay	27924024	Mus musculus	GTRD	No
E9PWP9	210940	4931408C20Rik	chromatin immunoprecipitation assay	27924024	Mus musculus	GTRD	No
Q9JKC8	55946	Ap3m1	chromatin immunoprecipitation assay	27924024	Mus musculus	GTRD	No
P43247	17685	Msh2	chromatin immunoprecipitation assay	27924024	Mus musculus	GTRD	No
Q8R1Q9	71336	Rbks	chromatin immunoprecipitation assay	27924024	Mus musculus	GTRD	No
Q8R050	14852	Gspt1	chromatin immunoprecipitation assay	27924024	Mus musculus	GTRD	No
Q9D5V2	66720	Klhl10	chromatin immunoprecipitation assay	27924024	Mus musculus	GTRD	No
Q9CUJ8	NA	4930519P11Rik	chromatin immunoprecipitation assay	27924024	Mus musculus	GTRD	No
Q9WUA1	24117	Wif1	chromatin immunoprecipitation assay	27924024	Mus musculus	GTRD	No
P43274	50709	H1-4	chromatin immunoprecipitation assay	27924024	Mus musculus	GTRD	No
Q9D0E1	76936	Hnrnpm	chromatin immunoprecipitation assay	27924024	Mus musculus	GTRD	No
D3Z1I8	NA	Gm10717	chromatin immunoprecipitation assay	27924024	Mus musculus	GTRD	No
Q7TSH8	71947	Tmem94	chromatin immunoprecipitation assay	27924024	Mus musculus	GTRD	No
Q91UZ5	114663	Impa2	chromatin immunoprecipitation assay	27924024	Mus musculus	GTRD	No
Q3TZW0	68545	Ecscr	chromatin immunoprecipitation assay	27924024	Mus musculus	GTRD	No
P35700	18477	Prdx1	chromatin immunoprecipitation assay	27924024	Mus musculus	GTRD	No
Q6NV83	67958	U2surp	chromatin immunoprecipitation assay	27924024	Mus musculus	GTRD	No
Q4V9W2	67288	Srek1ip1	chromatin immunoprecipitation assay	27924024	Mus musculus	GTRD	No
Q921R7	74102	Slc35a5	chromatin immunoprecipitation assay	27924024	Mus musculus	GTRD	No
Q9D8Z1	69090	Ascc1	chromatin immunoprecipitation assay	27924024	Mus musculus	GTRD	No
Q9CXN7	67307	Pbld2	chromatin immunoprecipitation assay	27924024	Mus musculus	GTRD	No
Q9QXN3	56404	Trip4	chromatin immunoprecipitation assay	27924024	Mus musculus	GTRD	No
Q6NXI6	75137	Rprd2	chromatin immunoprecipitation assay	27924024	Mus musculus	GTRD	No
P32233	13494	Drg1	chromatin immunoprecipitation assay	27924024	Mus musculus	GTRD	No
O70291	14772	Grk4	chromatin immunoprecipitation assay	27924024	Mus musculus	GTRD	No
O88705	15168	Hcn3	chromatin immunoprecipitation assay	27924024	Mus musculus	GTRD	No
Q9JK95	64058	Perp	chromatin immunoprecipitation assay	27924024	Mus musculus	GTRD	No
E9QMK6	627626	Ptchd4	chromatin immunoprecipitation assay	27924024	Mus musculus	GTRD	No
E9Q9T0	381668	Fbrsl1	chromatin immunoprecipitation assay	27924024	Mus musculus	GTRD	No
Q8VCF1	76025	Cant1	chromatin immunoprecipitation assay	27924024	Mus musculus	GTRD	No
O35607	12168	Bmpr2	chromatin immunoprecipitation assay	27924024	Mus musculus	GTRD	No
O35405	18807	Pld3	chromatin immunoprecipitation assay	27924024	Mus musculus	GTRD	No
A2BIE1	99003	Qser1	chromatin immunoprecipitation assay	27924024	Mus musculus	GTRD	No
Q9CY25	67139	Mis12	chromatin immunoprecipitation assay	27924024	Mus musculus	GTRD	No
O35717	216233	Socs2	chromatin immunoprecipitation assay	27924024	Mus musculus	GTRD	No
Q8BHE0	270906	Prr11	chromatin immunoprecipitation assay	27924024	Mus musculus	GTRD	No
J3KMR8	NA	Gm17535	chromatin immunoprecipitation assay	27924024	Mus musculus	GTRD	No
P83870	68479	Phf5a	chromatin immunoprecipitation assay	27924024	Mus musculus	GTRD	No
Q5SQY2	69556	Bod1	chromatin immunoprecipitation assay	27924024	Mus musculus	GTRD	No
Q80TY0	14269	Fnbp1	chromatin immunoprecipitation assay	27924024	Mus musculus	GTRD	No
E9PYK3	328417	Parp4	chromatin immunoprecipitation assay	27924024	Mus musculus	GTRD	No
E9Q7T3	NA	Gm10719	chromatin immunoprecipitation assay	27924024	Mus musculus	GTRD	No
Q8BTI8	75956	Srrm2	chromatin immunoprecipitation assay	27924024	Mus musculus	GTRD	No
Q921Y0	232157	Mob1a	chromatin immunoprecipitation assay	27924024	Mus musculus	GTRD	No
H9H9R8	269623	Rbm48	chromatin immunoprecipitation assay	27924024	Mus musculus	GTRD	No
Q8VBU8	53325	Banp	chromatin immunoprecipitation assay	27924024	Mus musculus	GTRD	No
Q9CR14	67030	Fancl	chromatin immunoprecipitation assay	27924024	Mus musculus	GTRD	No
Q9CY52	66628	Thg1l	chromatin immunoprecipitation assay	27924024	Mus musculus	GTRD	No
A0A1Y7VMP7	217716	Mlh3	chromatin immunoprecipitation assay	27924024	Mus musculus	GTRD	No
Q640P7	70573	Tbccd1	chromatin immunoprecipitation assay	27924024	Mus musculus	GTRD	No
Q8VBW6	234664	Nae1	chromatin immunoprecipitation assay	27924024	Mus musculus	GTRD	No
Q8R3N1	75416	Nop14	chromatin immunoprecipitation assay	27924024	Mus musculus	GTRD	No
A2ACM0	74370	Rptor	chromatin immunoprecipitation assay	27924024	Mus musculus	GTRD	No
P07901	15519	Hsp90aa1	chromatin immunoprecipitation assay	27924024	Mus musculus	GTRD	No
A2AT37	326622	Upf2	chromatin immunoprecipitation assay	27924024	Mus musculus	GTRD	No
Q8VDJ3	110611	Hdlbp	chromatin immunoprecipitation assay	27924024	Mus musculus	GTRD	No
Q5RL20	94067	Mrpl43	chromatin immunoprecipitation assay	27924024	Mus musculus	GTRD	No
Q8QZV7	71177	IntS13	chromatin immunoprecipitation assay	27924024	Mus musculus	GTRD	No
E9QPQ8	52443	Mrpl48	chromatin immunoprecipitation assay	27924024	Mus musculus	GTRD	No
Q9CY66	68147	Gar1	chromatin immunoprecipitation assay	27924024	Mus musculus	GTRD	No
Q9WTX5	21402	Skp1	chromatin immunoprecipitation assay	27924024	Mus musculus	GTRD	No
F6VKC7	NA	Zfp988	chromatin immunoprecipitation assay	27924024	Mus musculus	GTRD	No
Q9Z2R9	15467	Eif2ak1	chromatin immunoprecipitation assay	27924024	Mus musculus	GTRD	No
P59034	237387	Lrrc3	chromatin immunoprecipitation assay	27924024	Mus musculus	GTRD	No
Q9CR37	66496	Ppdpf	chromatin immunoprecipitation assay	27924024	Mus musculus	GTRD	No
Q14BV6	69101	Ydjc	chromatin immunoprecipitation assay	27924024	Mus musculus	GTRD	No
Q8R3N6	225160	Thoc1	chromatin immunoprecipitation assay	27924024	Mus musculus	GTRD	No
Q6NY15	211484	Tsga10	chromatin immunoprecipitation assay	27924024	Mus musculus	GTRD	No
Q3U4G0	399568	Cdin1	chromatin immunoprecipitation assay	27924024	Mus musculus	GTRD	No
G5E8E3	66367	2310022A10Rik	chromatin immunoprecipitation assay	27924024	Mus musculus	GTRD	No
E9QPD3	269704	Zfp664	chromatin immunoprecipitation assay	27924024	Mus musculus	GTRD	No
Q5EBG6	243912	Hspb6	chromatin immunoprecipitation assay	27924024	Mus musculus	GTRD	No
Q9CQE1	66536	Nipsnap3b	chromatin immunoprecipitation assay	27924024	Mus musculus	GTRD	No
Q3UZY0	78887	Sfi1	chromatin immunoprecipitation assay	27924024	Mus musculus	GTRD	No
P62141	19046	Ppp1cb	chromatin immunoprecipitation assay	27924024	Mus musculus	GTRD	No
Q8C5H8	68646	Nadk2	chromatin immunoprecipitation assay	27924024	Mus musculus	GTRD	No
Q8BJL0	54380	Smarcal1	chromatin immunoprecipitation assay	27924024	Mus musculus	GTRD	No
Q9CQ54	68197	Ndufc2	chromatin immunoprecipitation assay	27924024	Mus musculus	GTRD	No
O35047	19183	Psmc3ip	chromatin immunoprecipitation assay	27924024	Mus musculus	GTRD	No
Q8K004	263876	Spata2	chromatin immunoprecipitation assay	27924024	Mus musculus	GTRD	No
E9Q166	NA	Atad2b	chromatin immunoprecipitation assay	27924024	Mus musculus	GTRD	No
Q3UHA3	214585	Spg11	chromatin immunoprecipitation assay	27924024	Mus musculus	GTRD	No
Q9WUK6	30928	Zbtb18	chromatin immunoprecipitation assay	27924024	Mus musculus	GTRD	No
P51807	100040531,100040563,100310872,21648	Dynlt1	chromatin immunoprecipitation assay	27924024	Mus musculus	GTRD	No
A0A0R4J136	78925	Srd5a1	chromatin immunoprecipitation assay	27924024	Mus musculus	GTRD	No
Q9CVI2	68152	Fam133b	chromatin immunoprecipitation assay	27924024	Mus musculus	GTRD	No
Q8C398	70325	Pigw	chromatin immunoprecipitation assay	27924024	Mus musculus	GTRD	No
Q78ZM0	54198	Snx3	chromatin immunoprecipitation assay	27924024	Mus musculus	GTRD	No
P39098	17156	Man1a2	chromatin immunoprecipitation assay	27924024	Mus musculus	GTRD	No
Q8VDN4	215707	Ccdc92	chromatin immunoprecipitation assay	27924024	Mus musculus	GTRD	No
Q9ERI5	107817	Jmjd6	chromatin immunoprecipitation assay	27924024	Mus musculus	GTRD	No
P84244	15078,15081	H3-3a; H3-3b	chromatin immunoprecipitation assay	27924024	Mus musculus	GTRD	No
P57784	68981	Snrpa1	chromatin immunoprecipitation assay	27924024	Mus musculus	GTRD	No
Q78WZ7	28071	Polr1f	chromatin immunoprecipitation assay	27924024	Mus musculus	GTRD	No
Q9QXX8	27275	Nufip1	chromatin immunoprecipitation assay	27924024	Mus musculus	GTRD	No
Q6I6G8	329152	Hecw2	chromatin immunoprecipitation assay	27924024	Mus musculus	GTRD	No
Q8N9S3	268390	Ahsa2	chromatin immunoprecipitation assay	27924024	Mus musculus	GTRD	No
P10518	17025	Alad	chromatin immunoprecipitation assay	27924024	Mus musculus	GTRD	No
Q9R0P6	56529	Sec11a	chromatin immunoprecipitation assay	27924024	Mus musculus	GTRD	No
Q8K370	71985	Acad10	chromatin immunoprecipitation assay	27924024	Mus musculus	GTRD	No
Q8VE22	64656	Mrps23	chromatin immunoprecipitation assay	27924024	Mus musculus	GTRD	No
Q8BMB0	233545	Emsy	chromatin immunoprecipitation assay	27924024	Mus musculus	GTRD	No
Q9QXK3	54160	Copg2	chromatin immunoprecipitation assay	27924024	Mus musculus	GTRD	No
P10751	22648	Zfp11	chromatin immunoprecipitation assay	27924024	Mus musculus	GTRD	No
D3Z1I5	NA	Gm10720	chromatin immunoprecipitation assay	27924024	Mus musculus	GTRD	No
P55264	11534	Adk	chromatin immunoprecipitation assay	27924024	Mus musculus	GTRD	No
F6VLK5	NA	Gm10722	chromatin immunoprecipitation assay	27924024	Mus musculus	GTRD	No
O09039	16923	Sh2b3	chromatin immunoprecipitation assay	27924024	Mus musculus	GTRD	No
Q9ESK9	12421	Rb1cc1	chromatin immunoprecipitation assay	27924024	Mus musculus	GTRD	No
A0A0R4J0B6	26357	Abcg2	chromatin immunoprecipitation assay	27924024	Mus musculus	GTRD	No
Q922R5	104570	Ppp4r3b	chromatin immunoprecipitation assay	27924024	Mus musculus	GTRD	No
Q8VE18	74133	Smg8	chromatin immunoprecipitation assay	27924024	Mus musculus	GTRD	No
Q8BMA6	217337	Srp68	chromatin immunoprecipitation assay	27924024	Mus musculus	GTRD	No
Q9D0D4	66254	Dimt1	chromatin immunoprecipitation assay	27924024	Mus musculus	GTRD	No
Q920A7	114896	Afg3l1	chromatin immunoprecipitation assay	27924024	Mus musculus	GTRD	No
Q5SWU9	107476	Acaca	chromatin immunoprecipitation assay	27924024	Mus musculus	GTRD	No
E9PUE2	30941	Usp21	chromatin immunoprecipitation assay	27924024	Mus musculus	GTRD	No
