UniprotID.TF	NCBI.GeneID.TF	Name.TF	Detection.method	PubmedID	Organism	Source.database	Small-scale.evidence
Q13761	864	RUNX3	chromatin immunoprecipitation assay	https://www.ncbi.nlm.nih.gov/pubmed/?term=29126285%5Buid%5D+OR+27924024%5Buid%5D	Homo sapiens	GTRD,ReMap	No
Q9UHB7	27125	AFF4	chromatin immunoprecipitation assay	https://www.ncbi.nlm.nih.gov/pubmed/?term=29126285%5Buid%5D	Homo sapiens	ReMap	No
Q01543	2313	FLI1	chromatin immunoprecipitation assay	https://www.ncbi.nlm.nih.gov/pubmed/?term=29126285%5Buid%5D+OR+27924024%5Buid%5D	Homo sapiens	GTRD,ReMap	No
P49450	1058	CENPA	chromatin immunoprecipitation assay	https://www.ncbi.nlm.nih.gov/pubmed/?term=27924024%5Buid%5D	Homo sapiens	GTRD	No
P28347	7003	TEAD1	chromatin immunoprecipitation assay	https://www.ncbi.nlm.nih.gov/pubmed/?term=29126285%5Buid%5D+OR+27924024%5Buid%5D	Homo sapiens	GTRD,ReMap	No
P04198	4613	MYCN	chromatin immunoprecipitation assay	https://www.ncbi.nlm.nih.gov/pubmed/?term=29126285%5Buid%5D	Homo sapiens	ReMap	No
Q96KS0	112398	EGLN2	chromatin immunoprecipitation assay	https://www.ncbi.nlm.nih.gov/pubmed/?term=29126285%5Buid%5D	Homo sapiens	ReMap	No
P49336	1024	CDK8	chromatin immunoprecipitation assay	https://www.ncbi.nlm.nih.gov/pubmed/?term=29126285%5Buid%5D+OR+27924024%5Buid%5D	Homo sapiens	GTRD,ReMap	No
Q9Y261	3170	FOXA2	chromatin immunoprecipitation assay	https://www.ncbi.nlm.nih.gov/pubmed/?term=29126285%5Buid%5D+OR+27924024%5Buid%5D	Homo sapiens	GTRD,ReMap	No
P61244	4149	MAX	chromatin immunoprecipitation assay	https://www.ncbi.nlm.nih.gov/pubmed/?term=29126285%5Buid%5D+OR+27924024%5Buid%5D	Homo sapiens	GTRD,ReMap	No
Q01094	1869	E2F1	chromatin immunoprecipitation assay,inferred by curator	https://www.ncbi.nlm.nih.gov/pubmed/?term=18971253%5Buid%5D+OR+27924024%5Buid%5D+OR+26578589%5Buid%5D	Homo sapiens	GTRD,ORegAnno,PAZAR	No
Q9BTC8	57504	MTA3	chromatin immunoprecipitation assay	https://www.ncbi.nlm.nih.gov/pubmed/?term=29126285%5Buid%5D	Homo sapiens	ReMap	No
P19838	4790	NFKB1	chromatin immunoprecipitation assay	https://www.ncbi.nlm.nih.gov/pubmed/?term=27924024%5Buid%5D	Homo sapiens	GTRD	No
Q12809	3757	KCNH2	chromatin immunoprecipitation assay	https://www.ncbi.nlm.nih.gov/pubmed/?term=29126285%5Buid%5D	Homo sapiens	ReMap	No
Q15291	5929	RBBP5	chromatin immunoprecipitation assay	https://www.ncbi.nlm.nih.gov/pubmed/?term=27924024%5Buid%5D	Homo sapiens	GTRD	No
O43474	9314	KLF4	chromatin immunoprecipitation assay	https://www.ncbi.nlm.nih.gov/pubmed/?term=29126285%5Buid%5D+OR+27924024%5Buid%5D	Homo sapiens	GTRD,ReMap	No
Q9UBC0	3175	ONECUT1	chromatin immunoprecipitation assay	https://www.ncbi.nlm.nih.gov/pubmed/?term=29126285%5Buid%5D	Homo sapiens	ReMap	No
Q9NPI1	29117	BRD7	chromatin immunoprecipitation assay	https://www.ncbi.nlm.nih.gov/pubmed/?term=27924024%5Buid%5D	Homo sapiens	GTRD	No
P51610	3054	HCFC1	chromatin immunoprecipitation assay	https://www.ncbi.nlm.nih.gov/pubmed/?term=29126285%5Buid%5D+OR+27924024%5Buid%5D	Homo sapiens	GTRD,ReMap	No
O43670	7756	ZNF207	chromatin immunoprecipitation assay	https://www.ncbi.nlm.nih.gov/pubmed/?term=29126285%5Buid%5D	Homo sapiens	ReMap	No
P25440	6046	BRD2	chromatin immunoprecipitation assay	https://www.ncbi.nlm.nih.gov/pubmed/?term=29126285%5Buid%5D+OR+27924024%5Buid%5D	Homo sapiens	GTRD,ReMap	No
Q13263	10155	TRIM28	chromatin immunoprecipitation assay	https://www.ncbi.nlm.nih.gov/pubmed/?term=27924024%5Buid%5D	Homo sapiens	GTRD	No
P32519	1997	ELF1	chromatin immunoprecipitation assay	https://www.ncbi.nlm.nih.gov/pubmed/?term=29126285%5Buid%5D+OR+27924024%5Buid%5D	Homo sapiens	GTRD,ReMap	No
Q9Y5J3	23462	HEY1	chromatin immunoprecipitation assay	https://www.ncbi.nlm.nih.gov/pubmed/?term=27924024%5Buid%5D	Homo sapiens	GTRD	No
P10275	367	AR	chromatin immunoprecipitation array,chromatin immunoprecipitation assay	https://www.ncbi.nlm.nih.gov/pubmed/?term=27924024%5Buid%5D+OR+22900683%5Buid%5D+OR+29126285%5Buid%5D+OR+20610535%5Buid%5D	Homo sapiens	GTRD,HTRI,ReMap	No
Q9H3D4	8626	TP63	chromatin immunoprecipitation assay	https://www.ncbi.nlm.nih.gov/pubmed/?term=29126285%5Buid%5D	Homo sapiens	ReMap	No
P78545	1999	ELF3	chromatin immunoprecipitation assay	https://www.ncbi.nlm.nih.gov/pubmed/?term=29126285%5Buid%5D+OR+27924024%5Buid%5D	Homo sapiens	GTRD,ReMap	No
Q99607	2000	ELF4	chromatin immunoprecipitation assay	https://www.ncbi.nlm.nih.gov/pubmed/?term=27924024%5Buid%5D	Homo sapiens	GTRD	No
Q8IYM9	10346	TRIM22	chromatin immunoprecipitation assay	https://www.ncbi.nlm.nih.gov/pubmed/?term=29126285%5Buid%5D+OR+27924024%5Buid%5D	Homo sapiens	GTRD,ReMap	No
P40763	6774	STAT3	chromatin immunoprecipitation assay	https://www.ncbi.nlm.nih.gov/pubmed/?term=29126285%5Buid%5D+OR+27924024%5Buid%5D	Homo sapiens	GTRD,ReMap	No
Q13950	860	RUNX2	chromatin immunoprecipitation assay	https://www.ncbi.nlm.nih.gov/pubmed/?term=29126285%5Buid%5D	Homo sapiens	ReMap	No
Q92922	6599	SMARCC1	chromatin immunoprecipitation assay	https://www.ncbi.nlm.nih.gov/pubmed/?term=27924024%5Buid%5D	Homo sapiens	GTRD	No
P25490	7528	YY1	chromatin immunoprecipitation assay	https://www.ncbi.nlm.nih.gov/pubmed/?term=29126285%5Buid%5D+OR+27924024%5Buid%5D	Homo sapiens	GTRD,ReMap	No
P05412	3725	JUN	chromatin immunoprecipitation assay	https://www.ncbi.nlm.nih.gov/pubmed/?term=29126285%5Buid%5D+OR+27924024%5Buid%5D	Homo sapiens	GTRD,ReMap	No
P10242	4602	MYB	chromatin immunoprecipitation assay	https://www.ncbi.nlm.nih.gov/pubmed/?term=29126285%5Buid%5D+OR+27924024%5Buid%5D	Homo sapiens	GTRD,ReMap	No
Q00403	2959	GTF2B	chromatin immunoprecipitation assay	https://www.ncbi.nlm.nih.gov/pubmed/?term=29126285%5Buid%5D	Homo sapiens	ReMap	No
P25800	4004	LMO1	chromatin immunoprecipitation assay	https://www.ncbi.nlm.nih.gov/pubmed/?term=27924024%5Buid%5D	Homo sapiens	GTRD	No
Q9NVM9	55726	INTS13	chromatin immunoprecipitation assay	https://www.ncbi.nlm.nih.gov/pubmed/?term=27924024%5Buid%5D	Homo sapiens	GTRD	No
Q9BYU1	80714	PBX4	chromatin immunoprecipitation assay	https://www.ncbi.nlm.nih.gov/pubmed/?term=27924024%5Buid%5D	Homo sapiens	GTRD	No
Q02080	100271849,4207	MEF2B	chromatin immunoprecipitation assay	https://www.ncbi.nlm.nih.gov/pubmed/?term=27924024%5Buid%5D	Homo sapiens	GTRD	No
P41225	6658	SOX3	chromatin immunoprecipitation assay	https://www.ncbi.nlm.nih.gov/pubmed/?term=27924024%5Buid%5D	Homo sapiens	GTRD	No
P37275	6935	ZEB1	chromatin immunoprecipitation assay	https://www.ncbi.nlm.nih.gov/pubmed/?term=27924024%5Buid%5D	Homo sapiens	GTRD	No
P35869	196	AHR	chromatin immunoprecipitation assay	https://www.ncbi.nlm.nih.gov/pubmed/?term=29126285%5Buid%5D	Homo sapiens	ReMap	No
Q04206	5970	RELA	chromatin immunoprecipitation assay	https://www.ncbi.nlm.nih.gov/pubmed/?term=29126285%5Buid%5D+OR+27924024%5Buid%5D	Homo sapiens	GTRD,ReMap	No
Q7RTV0	84844	PHF5A	chromatin immunoprecipitation assay	https://www.ncbi.nlm.nih.gov/pubmed/?term=27924024%5Buid%5D	Homo sapiens	GTRD	No
Q14683	8243	SMC1A	chromatin immunoprecipitation assay	https://www.ncbi.nlm.nih.gov/pubmed/?term=29126285%5Buid%5D	Homo sapiens	ReMap	No
Q03164	4297	KMT2A	chromatin immunoprecipitation assay	https://www.ncbi.nlm.nih.gov/pubmed/?term=27924024%5Buid%5D	Homo sapiens	GTRD	No
Q86YP4	54815	GATAD2A	chromatin immunoprecipitation assay	https://www.ncbi.nlm.nih.gov/pubmed/?term=27924024%5Buid%5D	Homo sapiens	GTRD	No
P23511	4800	NFYA	chromatin immunoprecipitation assay	https://www.ncbi.nlm.nih.gov/pubmed/?term=29126285%5Buid%5D+OR+27924024%5Buid%5D	Homo sapiens	GTRD,ReMap	No
P16220	1385	CREB1	chromatin immunoprecipitation assay	https://www.ncbi.nlm.nih.gov/pubmed/?term=29126285%5Buid%5D+OR+27924024%5Buid%5D	Homo sapiens	GTRD,ReMap	No
P50553	429	ASCL1	chromatin immunoprecipitation assay	https://www.ncbi.nlm.nih.gov/pubmed/?term=27924024%5Buid%5D	Homo sapiens	GTRD	No
P54274	7013	TERF1	chromatin immunoprecipitation assay	https://www.ncbi.nlm.nih.gov/pubmed/?term=29126285%5Buid%5D	Homo sapiens	ReMap	No
Q15047	9869	SETDB1	chromatin immunoprecipitation assay	https://www.ncbi.nlm.nih.gov/pubmed/?term=29126285%5Buid%5D	Homo sapiens	ReMap	No
P18846	466	ATF1	chromatin immunoprecipitation assay	https://www.ncbi.nlm.nih.gov/pubmed/?term=27924024%5Buid%5D	Homo sapiens	GTRD	No
Q6ISB3	79977	GRHL2	chromatin immunoprecipitation assay	https://www.ncbi.nlm.nih.gov/pubmed/?term=27924024%5Buid%5D	Homo sapiens	GTRD	No
Q15652	221037	JMJD1C	chromatin immunoprecipitation assay	https://www.ncbi.nlm.nih.gov/pubmed/?term=29126285%5Buid%5D	Homo sapiens	ReMap	No
P28324	2005	ELK4	chromatin immunoprecipitation assay	https://www.ncbi.nlm.nih.gov/pubmed/?term=27924024%5Buid%5D	Homo sapiens	GTRD	No
Q8WVM7	10274	STAG1	chromatin immunoprecipitation assay	https://www.ncbi.nlm.nih.gov/pubmed/?term=27924024%5Buid%5D	Homo sapiens	GTRD	No
Q92793	1387	CREBBP	chromatin immunoprecipitation assay	https://www.ncbi.nlm.nih.gov/pubmed/?term=29126285%5Buid%5D	Homo sapiens	ReMap	No
Q9UH73	1879	EBF1	chromatin immunoprecipitation assay	https://www.ncbi.nlm.nih.gov/pubmed/?term=29126285%5Buid%5D+OR+27924024%5Buid%5D	Homo sapiens	GTRD,ReMap	No
Q9NYF8	9774	BCLAF1	chromatin immunoprecipitation assay	https://www.ncbi.nlm.nih.gov/pubmed/?term=29126285%5Buid%5D	Homo sapiens	ReMap	No
O95096	4821	NKX2-2	chromatin immunoprecipitation assay	https://www.ncbi.nlm.nih.gov/pubmed/?term=29126285%5Buid%5D	Homo sapiens	ReMap	No
Q92785	5977	DPF2	chromatin immunoprecipitation assay	https://www.ncbi.nlm.nih.gov/pubmed/?term=27924024%5Buid%5D	Homo sapiens	GTRD	No
Q15022	23512	SUZ12	chromatin immunoprecipitation assay	https://www.ncbi.nlm.nih.gov/pubmed/?term=27924024%5Buid%5D	Homo sapiens	GTRD	No
Q06546	2551	GABPA	chromatin immunoprecipitation assay	https://www.ncbi.nlm.nih.gov/pubmed/?term=29126285%5Buid%5D+OR+27924024%5Buid%5D	Homo sapiens	GTRD,ReMap	No
P04150	2908	NR3C1	chromatin immunoprecipitation assay	https://www.ncbi.nlm.nih.gov/pubmed/?term=29126285%5Buid%5D	Homo sapiens	ReMap	No
O00267	6829	SUPT5H	chromatin immunoprecipitation assay	https://www.ncbi.nlm.nih.gov/pubmed/?term=27924024%5Buid%5D	Homo sapiens	GTRD	No
P51522	55769	ZNF83	chromatin immunoprecipitation assay	https://www.ncbi.nlm.nih.gov/pubmed/?term=27924024%5Buid%5D	Homo sapiens	GTRD	No
P52630	6773	STAT2	chromatin immunoprecipitation assay	https://www.ncbi.nlm.nih.gov/pubmed/?term=29126285%5Buid%5D+OR+27924024%5Buid%5D	Homo sapiens	GTRD,ReMap	No
P09086	5452	POU2F2	chromatin immunoprecipitation assay	https://www.ncbi.nlm.nih.gov/pubmed/?term=29126285%5Buid%5D	Homo sapiens	ReMap	No
Q9UBL3	9070	ASH2L	chromatin immunoprecipitation assay	https://www.ncbi.nlm.nih.gov/pubmed/?term=29126285%5Buid%5D	Homo sapiens	ReMap	No
Q16621	4778	NFE2	chromatin immunoprecipitation assay	https://www.ncbi.nlm.nih.gov/pubmed/?term=29126285%5Buid%5D+OR+27924024%5Buid%5D	Homo sapiens	GTRD,ReMap	No
P31314	3195	TLX1	chromatin immunoprecipitation assay	https://www.ncbi.nlm.nih.gov/pubmed/?term=27924024%5Buid%5D	Homo sapiens	GTRD	No
Q15596	10499	NCOA2	chromatin immunoprecipitation assay	https://www.ncbi.nlm.nih.gov/pubmed/?term=29126285%5Buid%5D	Homo sapiens	ReMap	No
Q13887	688	KLF5	chromatin immunoprecipitation assay	https://www.ncbi.nlm.nih.gov/pubmed/?term=27924024%5Buid%5D	Homo sapiens	GTRD	No
P10914	3659	IRF1	chromatin immunoprecipitation assay	https://www.ncbi.nlm.nih.gov/pubmed/?term=29126285%5Buid%5D+OR+27924024%5Buid%5D	Homo sapiens	GTRD,ReMap	No
Q8N2R0	116039	OSR2	chromatin immunoprecipitation assay	https://www.ncbi.nlm.nih.gov/pubmed/?term=27924024%5Buid%5D	Homo sapiens	GTRD	No
Q0VGE8	125893	ZNF816	chromatin immunoprecipitation assay	https://www.ncbi.nlm.nih.gov/pubmed/?term=27924024%5Buid%5D	Homo sapiens	GTRD	No
Q5VWG9	83860	TAF3	chromatin immunoprecipitation assay	https://www.ncbi.nlm.nih.gov/pubmed/?term=29126285%5Buid%5D	Homo sapiens	ReMap	No
P55317	3169	FOXA1	chromatin immunoprecipitation assay,inferred by curator	https://www.ncbi.nlm.nih.gov/pubmed/?term=29126285%5Buid%5D+OR+18971253%5Buid%5D+OR+27924024%5Buid%5D+OR+26578589%5Buid%5D	Homo sapiens	GTRD,ORegAnno,PAZAR,ReMap	No
O95243	8930	MBD4	chromatin immunoprecipitation assay	https://www.ncbi.nlm.nih.gov/pubmed/?term=29126285%5Buid%5D+OR+27924024%5Buid%5D	Homo sapiens	GTRD,ReMap	No
P14316	3660	IRF2	chromatin immunoprecipitation assay	https://www.ncbi.nlm.nih.gov/pubmed/?term=29126285%5Buid%5D+OR+27924024%5Buid%5D	Homo sapiens	GTRD,ReMap	No
P14921	2113	ETS1	chromatin immunoprecipitation assay,inferred by curator	https://www.ncbi.nlm.nih.gov/pubmed/?term=26578589%5Buid%5D+OR+20019798%5Buid%5D+OR+27924024%5Buid%5D+OR+18971253%5Buid%5D+OR+22900683%5Buid%5D	Homo sapiens	GTRD,HTRI,ORegAnno,PAZAR	No
Q9UL17	30009	TBX21	chromatin immunoprecipitation assay	https://www.ncbi.nlm.nih.gov/pubmed/?term=29126285%5Buid%5D+OR+27924024%5Buid%5D	Homo sapiens	GTRD,ReMap	No
O95644	4772	NFATC1	chromatin immunoprecipitation assay	https://www.ncbi.nlm.nih.gov/pubmed/?term=29126285%5Buid%5D+OR+27924024%5Buid%5D	Homo sapiens	GTRD,ReMap	No
O75444	4094	MAF	chromatin immunoprecipitation assay	https://www.ncbi.nlm.nih.gov/pubmed/?term=29126285%5Buid%5D+OR+27924024%5Buid%5D	Homo sapiens	GTRD,ReMap	No
Q13952	4802	NFYC	chromatin immunoprecipitation assay	https://www.ncbi.nlm.nih.gov/pubmed/?term=27924024%5Buid%5D	Homo sapiens	GTRD	No
Q92826	10481	HOXB13	chromatin immunoprecipitation assay	https://www.ncbi.nlm.nih.gov/pubmed/?term=27924024%5Buid%5D	Homo sapiens	GTRD	No
Q9HC52	57332	CBX8	chromatin immunoprecipitation assay	https://www.ncbi.nlm.nih.gov/pubmed/?term=27924024%5Buid%5D	Homo sapiens	GTRD	No
P50750	1025	CDK9	chromatin immunoprecipitation assay	https://www.ncbi.nlm.nih.gov/pubmed/?term=29126285%5Buid%5D+OR+27924024%5Buid%5D	Homo sapiens	GTRD,ReMap	No
P18847	467	ATF3	chromatin immunoprecipitation assay	https://www.ncbi.nlm.nih.gov/pubmed/?term=29126285%5Buid%5D	Homo sapiens	ReMap	No
Q96ST3	25942	SIN3A	chromatin immunoprecipitation assay	https://www.ncbi.nlm.nih.gov/pubmed/?term=29126285%5Buid%5D	Homo sapiens	ReMap	No
Q92786	5629	PROX1	chromatin immunoprecipitation assay	https://www.ncbi.nlm.nih.gov/pubmed/?term=29126285%5Buid%5D	Homo sapiens	ReMap	No
P32243	5015	OTX2	chromatin immunoprecipitation assay	https://www.ncbi.nlm.nih.gov/pubmed/?term=27924024%5Buid%5D	Homo sapiens	GTRD	No
Q06547	2553	GABPB1	chromatin immunoprecipitation assay	https://www.ncbi.nlm.nih.gov/pubmed/?term=27924024%5Buid%5D	Homo sapiens	GTRD	No
Q5TA45	54973	INTS11	chromatin immunoprecipitation assay	https://www.ncbi.nlm.nih.gov/pubmed/?term=27924024%5Buid%5D	Homo sapiens	GTRD	No
O00472	22936	ELL2	chromatin immunoprecipitation assay	https://www.ncbi.nlm.nih.gov/pubmed/?term=29126285%5Buid%5D	Homo sapiens	ReMap	No
Q9NZC4	26298	EHF	chromatin immunoprecipitation assay	https://www.ncbi.nlm.nih.gov/pubmed/?term=27924024%5Buid%5D	Homo sapiens	GTRD	No
Q99626	1045	CDX2	chromatin immunoprecipitation assay	https://www.ncbi.nlm.nih.gov/pubmed/?term=29126285%5Buid%5D	Homo sapiens	ReMap	No
Q9NQ87	26508	HEYL	chromatin immunoprecipitation assay	https://www.ncbi.nlm.nih.gov/pubmed/?term=27924024%5Buid%5D	Homo sapiens	GTRD	No
Q99929	430	ASCL2	chromatin immunoprecipitation assay	https://www.ncbi.nlm.nih.gov/pubmed/?term=27924024%5Buid%5D	Homo sapiens	GTRD	No
Q99814	2034	EPAS1	chromatin immunoprecipitation assay	https://www.ncbi.nlm.nih.gov/pubmed/?term=27924024%5Buid%5D	Homo sapiens	GTRD	No
Q9Y6Q9	8202	NCOA3	chromatin immunoprecipitation assay	https://www.ncbi.nlm.nih.gov/pubmed/?term=29126285%5Buid%5D	Homo sapiens	ReMap	No
O95948	9480	ONECUT2	chromatin immunoprecipitation assay	https://www.ncbi.nlm.nih.gov/pubmed/?term=27924024%5Buid%5D	Homo sapiens	GTRD	No
Q13127	5978	REST	chromatin immunoprecipitation assay	https://www.ncbi.nlm.nih.gov/pubmed/?term=27924024%5Buid%5D	Homo sapiens	GTRD	No
Q01196	861	RUNX1	chromatin immunoprecipitation assay	https://www.ncbi.nlm.nih.gov/pubmed/?term=29126285%5Buid%5D+OR+27924024%5Buid%5D	Homo sapiens	GTRD,ReMap	No
O60885	23476	BRD4	chromatin immunoprecipitation assay	https://www.ncbi.nlm.nih.gov/pubmed/?term=29126285%5Buid%5D+OR+27924024%5Buid%5D	Homo sapiens	GTRD,ReMap	No
P50539	4601	MXI1	chromatin immunoprecipitation assay	https://www.ncbi.nlm.nih.gov/pubmed/?term=29126285%5Buid%5D	Homo sapiens	ReMap	No
P51532	6597	SMARCA4	chromatin immunoprecipitation assay,inferred by curator	https://www.ncbi.nlm.nih.gov/pubmed/?term=29126285%5Buid%5D+OR+18971253%5Buid%5D+OR+27924024%5Buid%5D+OR+26578589%5Buid%5D	Homo sapiens	GTRD,ORegAnno,PAZAR,ReMap	No
P19793	6256	RXRA	chromatin immunoprecipitation assay	https://www.ncbi.nlm.nih.gov/pubmed/?term=27924024%5Buid%5D	Homo sapiens	GTRD	No
Q9UMN6	9757	KMT2B	chromatin immunoprecipitation assay	https://www.ncbi.nlm.nih.gov/pubmed/?term=27924024%5Buid%5D	Homo sapiens	GTRD	No
Q9H4W6	253738	EBF3	chromatin immunoprecipitation assay	https://www.ncbi.nlm.nih.gov/pubmed/?term=27924024%5Buid%5D	Homo sapiens	GTRD	No
Q12772	6721	SREBF2	chromatin immunoprecipitation assay	https://www.ncbi.nlm.nih.gov/pubmed/?term=27924024%5Buid%5D	Homo sapiens	GTRD	No
Q92754	7022	TFAP2C	chromatin immunoprecipitation assay	https://www.ncbi.nlm.nih.gov/pubmed/?term=29126285%5Buid%5D	Homo sapiens	ReMap	No
P01106	4609	MYC	chromatin immunoprecipitation assay	https://www.ncbi.nlm.nih.gov/pubmed/?term=29126285%5Buid%5D+OR+27924024%5Buid%5D	Homo sapiens	GTRD,ReMap	No
P10074	3104	ZBTB48	chromatin immunoprecipitation assay	https://www.ncbi.nlm.nih.gov/pubmed/?term=27924024%5Buid%5D	Homo sapiens	GTRD	No
P46531	4851	NOTCH1	chromatin immunoprecipitation assay	https://www.ncbi.nlm.nih.gov/pubmed/?term=29126285%5Buid%5D	Homo sapiens	ReMap	No
Q9H334	27086	FOXP1	chromatin immunoprecipitation assay	https://www.ncbi.nlm.nih.gov/pubmed/?term=27924024%5Buid%5D	Homo sapiens	GTRD	No
P17544	11016	ATF7	chromatin immunoprecipitation assay	https://www.ncbi.nlm.nih.gov/pubmed/?term=29126285%5Buid%5D+OR+27924024%5Buid%5D	Homo sapiens	GTRD,ReMap	No
Q9Y5Q3	9935	MAFB	chromatin immunoprecipitation assay	https://www.ncbi.nlm.nih.gov/pubmed/?term=29126285%5Buid%5D	Homo sapiens	ReMap	No
P21675	6872	TAF1	chromatin immunoprecipitation assay	https://www.ncbi.nlm.nih.gov/pubmed/?term=29126285%5Buid%5D+OR+27924024%5Buid%5D	Homo sapiens	GTRD,ReMap	No
Q04864	5966	REL	chromatin immunoprecipitation assay	https://www.ncbi.nlm.nih.gov/pubmed/?term=27924024%5Buid%5D	Homo sapiens	GTRD	No
P35716	6664	SOX11	chromatin immunoprecipitation assay	https://www.ncbi.nlm.nih.gov/pubmed/?term=29126285%5Buid%5D	Homo sapiens	ReMap	No
Q99873	3276	PRMT1	chromatin immunoprecipitation assay	https://www.ncbi.nlm.nih.gov/pubmed/?term=27924024%5Buid%5D	Homo sapiens	GTRD	No
Q16665	3091	HIF1A	chromatin immunoprecipitation assay	https://www.ncbi.nlm.nih.gov/pubmed/?term=29126285%5Buid%5D+OR+27924024%5Buid%5D	Homo sapiens	GTRD,ReMap	No
P03372	2099	ESR1	chromatin immunoprecipitation assay	https://www.ncbi.nlm.nih.gov/pubmed/?term=29126285%5Buid%5D+OR+27924024%5Buid%5D	Homo sapiens	GTRD,ReMap	No
Q9H3R0	23081	KDM4C	chromatin immunoprecipitation assay	https://www.ncbi.nlm.nih.gov/pubmed/?term=29126285%5Buid%5D	Homo sapiens	ReMap	No
Q6KC79	25836	NIPBL	chromatin immunoprecipitation assay	https://www.ncbi.nlm.nih.gov/pubmed/?term=27924024%5Buid%5D	Homo sapiens	GTRD	No
Q13422	10320	IKZF1	chromatin immunoprecipitation assay	https://www.ncbi.nlm.nih.gov/pubmed/?term=27924024%5Buid%5D	Homo sapiens	GTRD	No
Q09472	2033	EP300	chromatin immunoprecipitation assay	https://www.ncbi.nlm.nih.gov/pubmed/?term=29126285%5Buid%5D+OR+27924024%5Buid%5D	Homo sapiens	GTRD,ReMap	No
B2RXF5	100128927	ZBTB42	chromatin immunoprecipitation assay	https://www.ncbi.nlm.nih.gov/pubmed/?term=27924024%5Buid%5D	Homo sapiens	GTRD	No
P23769	2624	GATA2	chromatin immunoprecipitation assay	https://www.ncbi.nlm.nih.gov/pubmed/?term=19941826%5Buid%5D+OR+27924024%5Buid%5D+OR+29126285%5Buid%5D+OR+22900683%5Buid%5D	Homo sapiens	GTRD,HTRI,ReMap	No
P24468	7026	NR2F2	chromatin immunoprecipitation assay	https://www.ncbi.nlm.nih.gov/pubmed/?term=29126285%5Buid%5D	Homo sapiens	ReMap	No
Q15532	6760	SS18	chromatin immunoprecipitation assay	https://www.ncbi.nlm.nih.gov/pubmed/?term=27924024%5Buid%5D	Homo sapiens	GTRD	No
Q9HCK8	57680	CHD8	chromatin immunoprecipitation assay	https://www.ncbi.nlm.nih.gov/pubmed/?term=29126285%5Buid%5D	Homo sapiens	ReMap	No
P17275	3726	JUNB	chromatin immunoprecipitation assay	https://www.ncbi.nlm.nih.gov/pubmed/?term=29126285%5Buid%5D	Homo sapiens	ReMap	No
P50613	1022	CDK7	chromatin immunoprecipitation assay	https://www.ncbi.nlm.nih.gov/pubmed/?term=29126285%5Buid%5D+OR+27924024%5Buid%5D	Homo sapiens	GTRD,ReMap	No
P41212	2120	ETV6	chromatin immunoprecipitation assay	https://www.ncbi.nlm.nih.gov/pubmed/?term=29126285%5Buid%5D+OR+27924024%5Buid%5D	Homo sapiens	GTRD,ReMap	No
P17676	1051	CEBPB	chromatin immunoprecipitation assay	https://www.ncbi.nlm.nih.gov/pubmed/?term=29126285%5Buid%5D+OR+27924024%5Buid%5D	Homo sapiens	GTRD,ReMap	No
P14859	5451	POU2F1	chromatin immunoprecipitation assay	https://www.ncbi.nlm.nih.gov/pubmed/?term=27924024%5Buid%5D	Homo sapiens	GTRD	No
Q86U70	8861	LDB1	chromatin immunoprecipitation assay	https://www.ncbi.nlm.nih.gov/pubmed/?term=27924024%5Buid%5D	Homo sapiens	GTRD	No
Q00653	4791	NFKB2	chromatin immunoprecipitation assay	https://www.ncbi.nlm.nih.gov/pubmed/?term=27924024%5Buid%5D	Homo sapiens	GTRD	No
O43151	200424	TET3	chromatin immunoprecipitation assay	https://www.ncbi.nlm.nih.gov/pubmed/?term=27924024%5Buid%5D	Homo sapiens	GTRD	No
Q13562	4760	NEUROD1	chromatin immunoprecipitation assay	https://www.ncbi.nlm.nih.gov/pubmed/?term=27924024%5Buid%5D	Homo sapiens	GTRD	No
P48552	8204	NRIP1	chromatin immunoprecipitation assay	https://www.ncbi.nlm.nih.gov/pubmed/?term=29126285%5Buid%5D	Homo sapiens	ReMap	No
Q8NEM1	340252	ZNF680	chromatin immunoprecipitation assay	https://www.ncbi.nlm.nih.gov/pubmed/?term=27924024%5Buid%5D	Homo sapiens	GTRD	No
P18146	1958	EGR1	inferred by curator	https://www.ncbi.nlm.nih.gov/pubmed/?term=18971253%5Buid%5D+OR+26578589%5Buid%5D	Homo sapiens	ORegAnno,PAZAR	No
P08651	4782	NFIC	chromatin immunoprecipitation assay	https://www.ncbi.nlm.nih.gov/pubmed/?term=29126285%5Buid%5D	Homo sapiens	ReMap	No
Q15059	8019	BRD3	chromatin immunoprecipitation assay	https://www.ncbi.nlm.nih.gov/pubmed/?term=29126285%5Buid%5D+OR+27924024%5Buid%5D	Homo sapiens	GTRD,ReMap	No
P31269	3205	HOXA9	chromatin immunoprecipitation assay	https://www.ncbi.nlm.nih.gov/pubmed/?term=29126285%5Buid%5D+OR+27924024%5Buid%5D	Homo sapiens	GTRD,ReMap	No
P25208	4801	NFYB	chromatin immunoprecipitation assay	https://www.ncbi.nlm.nih.gov/pubmed/?term=29126285%5Buid%5D+OR+27924024%5Buid%5D	Homo sapiens	GTRD,ReMap	No
Q9UIH9	28999	KLF15	chromatin immunoprecipitation assay	https://www.ncbi.nlm.nih.gov/pubmed/?term=27924024%5Buid%5D	Homo sapiens	GTRD	No
Q15648	5469	MED1	chromatin immunoprecipitation assay	https://www.ncbi.nlm.nih.gov/pubmed/?term=29126285%5Buid%5D	Homo sapiens	ReMap	No
P0C0S5	3015	H2AZ1	chromatin immunoprecipitation assay	https://www.ncbi.nlm.nih.gov/pubmed/?term=27924024%5Buid%5D	Homo sapiens	GTRD	No
Q9NQB0	6934	TCF7L2	chromatin immunoprecipitation assay	https://www.ncbi.nlm.nih.gov/pubmed/?term=29126285%5Buid%5D+OR+27924024%5Buid%5D	Homo sapiens	GTRD,ReMap	No
P15976	2623	GATA1	chromatin immunoprecipitation assay	https://www.ncbi.nlm.nih.gov/pubmed/?term=19941826%5Buid%5D+OR+27924024%5Buid%5D+OR+29126285%5Buid%5D+OR+22900683%5Buid%5D	Homo sapiens	GTRD,HTRI,ReMap	No
Q01664	7023	TFAP4	chromatin immunoprecipitation assay	https://www.ncbi.nlm.nih.gov/pubmed/?term=27924024%5Buid%5D	Homo sapiens	GTRD	No
Q01860	5460	POU5F1	chromatin immunoprecipitation assay	https://www.ncbi.nlm.nih.gov/pubmed/?term=29126285%5Buid%5D	Homo sapiens	ReMap	No
Q99612	1316	KLF6	chromatin immunoprecipitation assay	https://www.ncbi.nlm.nih.gov/pubmed/?term=29126285%5Buid%5D	Homo sapiens	ReMap	No
Q16798	10873	ME3	chromatin immunoprecipitation assay	https://www.ncbi.nlm.nih.gov/pubmed/?term=27924024%5Buid%5D	Homo sapiens	GTRD	No
P04637	7157	TP53	chromatin immunoprecipitation assay	https://www.ncbi.nlm.nih.gov/pubmed/?term=27924024%5Buid%5D	Homo sapiens	GTRD	No
O60216	5885	RAD21	chromatin immunoprecipitation assay	https://www.ncbi.nlm.nih.gov/pubmed/?term=29126285%5Buid%5D+OR+27924024%5Buid%5D	Homo sapiens	GTRD,ReMap	No
P08047	6667	SP1	chromatin immunoprecipitation assay	https://www.ncbi.nlm.nih.gov/pubmed/?term=27924024%5Buid%5D	Homo sapiens	GTRD	No
P17022	7566	ZNF18	chromatin immunoprecipitation assay	https://www.ncbi.nlm.nih.gov/pubmed/?term=27924024%5Buid%5D	Homo sapiens	GTRD	No
P17947	6688	SPI1	chromatin immunoprecipitation assay	https://www.ncbi.nlm.nih.gov/pubmed/?term=29126285%5Buid%5D+OR+27924024%5Buid%5D	Homo sapiens	GTRD,ReMap	No
Q13547	3065	HDAC1	chromatin immunoprecipitation assay	https://www.ncbi.nlm.nih.gov/pubmed/?term=29126285%5Buid%5D+OR+27924024%5Buid%5D	Homo sapiens	GTRD,ReMap	No
Q9NR55	55509	BATF3	chromatin immunoprecipitation assay	https://www.ncbi.nlm.nih.gov/pubmed/?term=27924024%5Buid%5D	Homo sapiens	GTRD	No
O75030	4286	MITF	chromatin immunoprecipitation assay	https://www.ncbi.nlm.nih.gov/pubmed/?term=29126285%5Buid%5D	Homo sapiens	ReMap	No
Q00613	3297	HSF1	chromatin immunoprecipitation assay	https://www.ncbi.nlm.nih.gov/pubmed/?term=29126285%5Buid%5D	Homo sapiens	ReMap	No
Q15853	7392	USF2	chromatin immunoprecipitation assay	https://www.ncbi.nlm.nih.gov/pubmed/?term=29126285%5Buid%5D	Homo sapiens	ReMap	No
P35269	2962	GTF2F1	chromatin immunoprecipitation assay	https://www.ncbi.nlm.nih.gov/pubmed/?term=29126285%5Buid%5D	Homo sapiens	ReMap	No
P48382	5993	RFX5	chromatin immunoprecipitation assay	https://www.ncbi.nlm.nih.gov/pubmed/?term=29126285%5Buid%5D	Homo sapiens	ReMap	No
Q9H165	53335	BCL11A	chromatin immunoprecipitation assay	https://www.ncbi.nlm.nih.gov/pubmed/?term=29126285%5Buid%5D+OR+27924024%5Buid%5D	Homo sapiens	GTRD,ReMap	No
P42224	6772	STAT1	chromatin immunoprecipitation assay	https://www.ncbi.nlm.nih.gov/pubmed/?term=29126285%5Buid%5D+OR+27924024%5Buid%5D	Homo sapiens	GTRD,ReMap	No
Q15797	4086	SMAD1	chromatin immunoprecipitation assay	https://www.ncbi.nlm.nih.gov/pubmed/?term=29126285%5Buid%5D	Homo sapiens	ReMap	No
P41182	604	BCL6	chromatin immunoprecipitation assay	https://www.ncbi.nlm.nih.gov/pubmed/?term=27924024%5Buid%5D	Homo sapiens	GTRD	No
O14901	8462	KLF11	chromatin immunoprecipitation assay	https://www.ncbi.nlm.nih.gov/pubmed/?term=27924024%5Buid%5D	Homo sapiens	GTRD	No
P01100	2353	FOS	chromatin immunoprecipitation assay,inferred by curator	https://www.ncbi.nlm.nih.gov/pubmed/?term=29126285%5Buid%5D+OR+18971253%5Buid%5D+OR+27924024%5Buid%5D+OR+26578589%5Buid%5D	Homo sapiens	GTRD,ORegAnno,PAZAR,ReMap	No
Q9NPG3	29855	UBN1	chromatin immunoprecipitation assay	https://www.ncbi.nlm.nih.gov/pubmed/?term=29126285%5Buid%5D	Homo sapiens	ReMap	No
P27540	405	ARNT	chromatin immunoprecipitation assay	https://www.ncbi.nlm.nih.gov/pubmed/?term=29126285%5Buid%5D+OR+27924024%5Buid%5D	Homo sapiens	GTRD,ReMap	No
P37231	5468	PPARG	chromatin immunoprecipitation assay	https://www.ncbi.nlm.nih.gov/pubmed/?term=27924024%5Buid%5D	Homo sapiens	GTRD	No
O60315	9839	ZEB2	chromatin immunoprecipitation assay	https://www.ncbi.nlm.nih.gov/pubmed/?term=29126285%5Buid%5D	Homo sapiens	ReMap	No
Q99801	4824	NKX3-1	chromatin immunoprecipitation assay	https://www.ncbi.nlm.nih.gov/pubmed/?term=29126285%5Buid%5D	Homo sapiens	ReMap	No
P48431	6657	SOX2	chromatin immunoprecipitation assay	https://www.ncbi.nlm.nih.gov/pubmed/?term=29126285%5Buid%5D	Homo sapiens	ReMap	No
P12980	4066	LYL1	chromatin immunoprecipitation assay	https://www.ncbi.nlm.nih.gov/pubmed/?term=29126285%5Buid%5D	Homo sapiens	ReMap	No
P55895	5897	RAG2	chromatin immunoprecipitation assay	https://www.ncbi.nlm.nih.gov/pubmed/?term=27924024%5Buid%5D	Homo sapiens	GTRD	No
O75530	8726	EED	chromatin immunoprecipitation assay	https://www.ncbi.nlm.nih.gov/pubmed/?term=29126285%5Buid%5D	Homo sapiens	ReMap	No
P23771	2625	GATA3	chromatin immunoprecipitation assay	https://www.ncbi.nlm.nih.gov/pubmed/?term=29126285%5Buid%5D+OR+27924024%5Buid%5D	Homo sapiens	GTRD,ReMap	No
Q86TJ5	115196	ZNF554	chromatin immunoprecipitation assay	https://www.ncbi.nlm.nih.gov/pubmed/?term=27924024%5Buid%5D	Homo sapiens	GTRD	No
P20226	6908	TBP	chromatin immunoprecipitation assay	https://www.ncbi.nlm.nih.gov/pubmed/?term=29126285%5Buid%5D+OR+27924024%5Buid%5D	Homo sapiens	GTRD,ReMap	No
Q06330	3516	RBPJ	chromatin immunoprecipitation assay	https://www.ncbi.nlm.nih.gov/pubmed/?term=29126285%5Buid%5D+OR+27924024%5Buid%5D	Homo sapiens	GTRD,ReMap	No
P49711	10664	CTCF	chromatin immunoprecipitation assay,inferred by curator	https://www.ncbi.nlm.nih.gov/pubmed/?term=29126285%5Buid%5D+OR+18971253%5Buid%5D+OR+27924024%5Buid%5D+OR+26578589%5Buid%5D	Homo sapiens	GTRD,ORegAnno,PAZAR,ReMap	No
P11226	4153	MBL2	chromatin immunoprecipitation assay	https://www.ncbi.nlm.nih.gov/pubmed/?term=27924024%5Buid%5D	Homo sapiens	GTRD	No
Q01167	3607	FOXK2	chromatin immunoprecipitation assay	https://www.ncbi.nlm.nih.gov/pubmed/?term=29126285%5Buid%5D+OR+27924024%5Buid%5D	Homo sapiens	GTRD,ReMap	No
Q16520	10538	BATF	chromatin immunoprecipitation assay	https://www.ncbi.nlm.nih.gov/pubmed/?term=29126285%5Buid%5D+OR+27924024%5Buid%5D	Homo sapiens	GTRD,ReMap	No
Q15306	3662	IRF4	chromatin immunoprecipitation assay	https://www.ncbi.nlm.nih.gov/pubmed/?term=29126285%5Buid%5D+OR+27924024%5Buid%5D	Homo sapiens	GTRD,ReMap	No
P51692	6777	STAT5B	chromatin immunoprecipitation assay	https://www.ncbi.nlm.nih.gov/pubmed/?term=27924024%5Buid%5D	Homo sapiens	GTRD	No
Q9Y294	25842	ASF1A	chromatin immunoprecipitation assay	https://www.ncbi.nlm.nih.gov/pubmed/?term=27924024%5Buid%5D	Homo sapiens	GTRD	No
P11308	2078	ERG	chromatin immunoprecipitation assay	https://www.ncbi.nlm.nih.gov/pubmed/?term=29126285%5Buid%5D+OR+27924024%5Buid%5D	Homo sapiens	GTRD,ReMap	No
Q9UKL0	23186	RCOR1	chromatin immunoprecipitation assay	https://www.ncbi.nlm.nih.gov/pubmed/?term=29126285%5Buid%5D	Homo sapiens	ReMap	No
