UniprotID.TF	NCBI.GeneID.TF	Name.TF	Detection.method	PubmedID	Organism	Source.database	Small-scale.evidence
Q64287	16364	Irf4	chromatin immunoprecipitation assay	https://www.ncbi.nlm.nih.gov/pubmed/?term=27924024%5Buid%5D	Mus musculus	GTRD	No
Q91VN1	59057	Znf24	chromatin immunoprecipitation assay	https://www.ncbi.nlm.nih.gov/pubmed/?term=27924024%5Buid%5D	Mus musculus	GTRD	No
Q8VIG1	19712	Rest	chromatin immunoprecipitation assay	https://www.ncbi.nlm.nih.gov/pubmed/?term=27924024%5Buid%5D	Mus musculus	GTRD	No
Q8CCG4	73693	Dppa4	chromatin immunoprecipitation assay	https://www.ncbi.nlm.nih.gov/pubmed/?term=27924024%5Buid%5D	Mus musculus	GTRD	No
P52633	20852	Stat6	chromatin immunoprecipitation assay	https://www.ncbi.nlm.nih.gov/pubmed/?term=27924024%5Buid%5D	Mus musculus	GTRD	No
Q66JW3	252838	Tox	chromatin immunoprecipitation assay	https://www.ncbi.nlm.nih.gov/pubmed/?term=27924024%5Buid%5D	Mus musculus	GTRD	No
P54841	16658	Mafb	chromatin immunoprecipitation assay	https://www.ncbi.nlm.nih.gov/pubmed/?term=27924024%5Buid%5D	Mus musculus	GTRD	No
O35284	53314	Batf	chromatin immunoprecipitation assay	https://www.ncbi.nlm.nih.gov/pubmed/?term=27924024%5Buid%5D	Mus musculus	GTRD	No
Q9WVH4	56484	Foxo3	chromatin immunoprecipitation assay	https://www.ncbi.nlm.nih.gov/pubmed/?term=27924024%5Buid%5D	Mus musculus	GTRD	No
Q99PP7	94093	Trim33	chromatin immunoprecipitation assay	https://www.ncbi.nlm.nih.gov/pubmed/?term=27924024%5Buid%5D	Mus musculus	GTRD	No
P61372	16392	Isl1	chromatin immunoprecipitation assay	https://www.ncbi.nlm.nih.gov/pubmed/?term=27924024%5Buid%5D	Mus musculus	GTRD	No
Q6ZQ88	99982	Kdm1a	chromatin immunoprecipitation assay	https://www.ncbi.nlm.nih.gov/pubmed/?term=27924024%5Buid%5D	Mus musculus	GTRD	No
Q9CWH0	73703	Dppa2	chromatin immunoprecipitation assay	https://www.ncbi.nlm.nih.gov/pubmed/?term=27924024%5Buid%5D	Mus musculus	GTRD	No
P37238	19016	Pparg	chromatin immunoprecipitation assay	https://www.ncbi.nlm.nih.gov/pubmed/?term=27924024%5Buid%5D	Mus musculus	GTRD	No
Q3TKT4	20586	Smarca4	chromatin immunoprecipitation assay	https://www.ncbi.nlm.nih.gov/pubmed/?term=27924024%5Buid%5D	Mus musculus	GTRD	No
P23204	19013	Ppara	chromatin immunoprecipitation assay	https://www.ncbi.nlm.nih.gov/pubmed/?term=27924024%5Buid%5D	Mus musculus	GTRD	No
O88470	26927	Foxl2	chromatin immunoprecipitation assay	https://www.ncbi.nlm.nih.gov/pubmed/?term=27924024%5Buid%5D	Mus musculus	GTRD	No
P41778	18514	Pbx1	chromatin immunoprecipitation assay	https://www.ncbi.nlm.nih.gov/pubmed/?term=27924024%5Buid%5D	Mus musculus	GTRD	No
P28033	12608	Cebpb	chromatin immunoprecipitation assay	https://www.ncbi.nlm.nih.gov/pubmed/?term=27924024%5Buid%5D	Mus musculus	GTRD	No
Q9CU62	24061	Smc1a	chromatin immunoprecipitation assay	https://www.ncbi.nlm.nih.gov/pubmed/?term=27924024%5Buid%5D	Mus musculus	GTRD	No
Q7TNS8	103551	Epop	chromatin immunoprecipitation assay	https://www.ncbi.nlm.nih.gov/pubmed/?term=27924024%5Buid%5D	Mus musculus	GTRD	No
Q9QX98	19213	Ptf1a	chromatin immunoprecipitation assay	https://www.ncbi.nlm.nih.gov/pubmed/?term=27924024%5Buid%5D	Mus musculus	GTRD	No
Q9CXG9	74016	Phf19	chromatin immunoprecipitation assay	https://www.ncbi.nlm.nih.gov/pubmed/?term=27924024%5Buid%5D	Mus musculus	GTRD	No
Q62520	NA	Zic2	chromatin immunoprecipitation assay	https://www.ncbi.nlm.nih.gov/pubmed/?term=27924024%5Buid%5D	Mus musculus	GTRD	No
Q99PV5	79362	Bhlhe41	chromatin immunoprecipitation assay	https://www.ncbi.nlm.nih.gov/pubmed/?term=27924024%5Buid%5D	Mus musculus	GTRD	No
P83870	68479	Phf5a	chromatin immunoprecipitation assay	https://www.ncbi.nlm.nih.gov/pubmed/?term=27924024%5Buid%5D	Mus musculus	GTRD	No
Q9EQW6	50913	Olig2	chromatin immunoprecipitation assay	https://www.ncbi.nlm.nih.gov/pubmed/?term=27924024%5Buid%5D	Mus musculus	GTRD	No
Q62414	18013	Neurod2	chromatin immunoprecipitation assay	https://www.ncbi.nlm.nih.gov/pubmed/?term=27924024%5Buid%5D	Mus musculus	GTRD	No
P50540	17859	Mxi1	chromatin immunoprecipitation assay	https://www.ncbi.nlm.nih.gov/pubmed/?term=27924024%5Buid%5D	Mus musculus	GTRD	No
P12979	17928	Myog	chromatin immunoprecipitation assay	https://www.ncbi.nlm.nih.gov/pubmed/?term=27924024%5Buid%5D	Mus musculus	GTRD	No
Q9JM73	20807	Srf	chromatin immunoprecipitation assay	https://www.ncbi.nlm.nih.gov/pubmed/?term=27924024%5Buid%5D	Mus musculus	GTRD	No
Q9Z0E3	11634	Aire	chromatin immunoprecipitation assay	https://www.ncbi.nlm.nih.gov/pubmed/?term=27924024%5Buid%5D	Mus musculus	GTRD	No
P43241	12591	Cdx2	chromatin immunoprecipitation assay,inferred by curator	https://www.ncbi.nlm.nih.gov/pubmed/?term=18971253%5Buid%5D+OR+27924024%5Buid%5D+OR+26578589%5Buid%5D	Mus musculus	GTRD,ORegAnno,PAZAR	No
P19091	11835	Ar	chromatin immunoprecipitation assay	https://www.ncbi.nlm.nih.gov/pubmed/?term=27924024%5Buid%5D	Mus musculus	GTRD	No
P59598	228790	Asxl1	chromatin immunoprecipitation assay	https://www.ncbi.nlm.nih.gov/pubmed/?term=27924024%5Buid%5D	Mus musculus	GTRD	No
P48381	19726	Rfx3	chromatin immunoprecipitation assay	https://www.ncbi.nlm.nih.gov/pubmed/?term=27924024%5Buid%5D	Mus musculus	GTRD	No
Q9ESU6	57261	Brd4	chromatin immunoprecipitation assay	https://www.ncbi.nlm.nih.gov/pubmed/?term=27924024%5Buid%5D	Mus musculus	GTRD	No
Q8VI67	170574	Sp7	chromatin immunoprecipitation assay	https://www.ncbi.nlm.nih.gov/pubmed/?term=27924024%5Buid%5D	Mus musculus	GTRD	No
Q6NZM9	208727	Hdac4	chromatin immunoprecipitation assay	https://www.ncbi.nlm.nih.gov/pubmed/?term=27924024%5Buid%5D	Mus musculus	GTRD	No
Q6J1H4	22286	Utf1	chromatin immunoprecipitation assay	https://www.ncbi.nlm.nih.gov/pubmed/?term=27924024%5Buid%5D	Mus musculus	GTRD	No
P28574	17187	Max	chromatin immunoprecipitation assay	https://www.ncbi.nlm.nih.gov/pubmed/?term=27924024%5Buid%5D	Mus musculus	GTRD	No
Q6P2L6	234135	Nsd3	chromatin immunoprecipitation assay	https://www.ncbi.nlm.nih.gov/pubmed/?term=27924024%5Buid%5D	Mus musculus	GTRD	No
Q8CHW1	73754	Thap1	chromatin immunoprecipitation assay	https://www.ncbi.nlm.nih.gov/pubmed/?term=27924024%5Buid%5D	Mus musculus	GTRD	No
P81270	13876	Erg	chromatin immunoprecipitation assay	https://www.ncbi.nlm.nih.gov/pubmed/?term=27924024%5Buid%5D	Mus musculus	GTRD	No
P01108	17869	Myc	chromatin immunoprecipitation assay	https://www.ncbi.nlm.nih.gov/pubmed/?term=27924024%5Buid%5D	Mus musculus	GTRD	No
Q03267	NA	Ikzf1	chromatin immunoprecipitation assay	https://www.ncbi.nlm.nih.gov/pubmed/?term=27924024%5Buid%5D	Mus musculus	GTRD	No
Q9D4J7	70998	Phf6	chromatin immunoprecipitation assay	https://www.ncbi.nlm.nih.gov/pubmed/?term=27924024%5Buid%5D	Mus musculus	GTRD	No
Q8BW72	230674	Kdm4a	chromatin immunoprecipitation assay	https://www.ncbi.nlm.nih.gov/pubmed/?term=27924024%5Buid%5D	Mus musculus	GTRD	No
Q8CG46	226026	Smc5	chromatin immunoprecipitation assay	https://www.ncbi.nlm.nih.gov/pubmed/?term=27924024%5Buid%5D	Mus musculus	GTRD	No
Q9WVG7	23967	Osr1	chromatin immunoprecipitation assay	https://www.ncbi.nlm.nih.gov/pubmed/?term=27924024%5Buid%5D	Mus musculus	GTRD	No
Q62431	13496	Arid3a	chromatin immunoprecipitation assay	https://www.ncbi.nlm.nih.gov/pubmed/?term=27924024%5Buid%5D	Mus musculus	GTRD	No
E9QAE3	107182	Btaf1	chromatin immunoprecipitation assay	https://www.ncbi.nlm.nih.gov/pubmed/?term=27924024%5Buid%5D	Mus musculus	GTRD	No
O09106	433759	Hdac1	chromatin immunoprecipitation assay	https://www.ncbi.nlm.nih.gov/pubmed/?term=27924024%5Buid%5D	Mus musculus	GTRD	No
O08792	13592	Ebf2	chromatin immunoprecipitation assay	https://www.ncbi.nlm.nih.gov/pubmed/?term=27924024%5Buid%5D	Mus musculus	GTRD	No
P53784	NA	Sox3	chromatin immunoprecipitation assay	https://www.ncbi.nlm.nih.gov/pubmed/?term=27924024%5Buid%5D	Mus musculus	GTRD	No
Q62521	22773	Zic3	chromatin immunoprecipitation assay	https://www.ncbi.nlm.nih.gov/pubmed/?term=27924024%5Buid%5D	Mus musculus	GTRD	No
Q9R190	23942	Mta2	chromatin immunoprecipitation assay	https://www.ncbi.nlm.nih.gov/pubmed/?term=27924024%5Buid%5D	Mus musculus	GTRD	No
P70447	11924	Neurog2	chromatin immunoprecipitation assay	https://www.ncbi.nlm.nih.gov/pubmed/?term=27924024%5Buid%5D	Mus musculus	GTRD	No
E9PZZ1	230025	Prdm13	chromatin immunoprecipitation assay	https://www.ncbi.nlm.nih.gov/pubmed/?term=27924024%5Buid%5D	Mus musculus	GTRD	No
Q00417	21414	Tcf7	chromatin immunoprecipitation assay	https://www.ncbi.nlm.nih.gov/pubmed/?term=27924024%5Buid%5D	Mus musculus	GTRD	No
P59941	50721	Sirt6	chromatin immunoprecipitation assay	https://www.ncbi.nlm.nih.gov/pubmed/?term=27924024%5Buid%5D	Mus musculus	GTRD	No
P15919	19373	Rag1	chromatin immunoprecipitation assay	https://www.ncbi.nlm.nih.gov/pubmed/?term=27924024%5Buid%5D	Mus musculus	GTRD	No
Q08775	12393	Runx2	chromatin immunoprecipitation assay	https://www.ncbi.nlm.nih.gov/pubmed/?term=27924024%5Buid%5D	Mus musculus	GTRD	No
Q64092	209446	Tfe3	chromatin immunoprecipitation assay	https://www.ncbi.nlm.nih.gov/pubmed/?term=27924024%5Buid%5D	Mus musculus	GTRD	No
P70324	21386	Tbx3	chromatin immunoprecipitation assay,inferred by curator	https://www.ncbi.nlm.nih.gov/pubmed/?term=18971253%5Buid%5D+OR+27924024%5Buid%5D+OR+26578589%5Buid%5D	Mus musculus	GTRD,ORegAnno,PAZAR	No
Q60674	353187	Nr1d2	chromatin immunoprecipitation assay	https://www.ncbi.nlm.nih.gov/pubmed/?term=27924024%5Buid%5D	Mus musculus	GTRD	No
P41230	20591	Kdm5c	chromatin immunoprecipitation assay	https://www.ncbi.nlm.nih.gov/pubmed/?term=27924024%5Buid%5D	Mus musculus	GTRD	No
P97471	17128	Smad4	chromatin immunoprecipitation assay	https://www.ncbi.nlm.nih.gov/pubmed/?term=27924024%5Buid%5D	Mus musculus	GTRD	No
Q61880	13404	Dmc1	chromatin immunoprecipitation assay	https://www.ncbi.nlm.nih.gov/pubmed/?term=27924024%5Buid%5D	Mus musculus	GTRD	No
A1A546	71597	Isx	chromatin immunoprecipitation assay	https://www.ncbi.nlm.nih.gov/pubmed/?term=27924024%5Buid%5D	Mus musculus	GTRD	No
P42232	20851	Stat5b	chromatin immunoprecipitation assay	https://www.ncbi.nlm.nih.gov/pubmed/?term=27924024%5Buid%5D	Mus musculus	GTRD	No
Q01705	18128	Notch1	chromatin immunoprecipitation assay	https://www.ncbi.nlm.nih.gov/pubmed/?term=27924024%5Buid%5D	Mus musculus	GTRD	No
P70390	20429	Shox2	chromatin immunoprecipitation assay	https://www.ncbi.nlm.nih.gov/pubmed/?term=27924024%5Buid%5D	Mus musculus	GTRD	No
A2AGH6	59024	Med12	chromatin immunoprecipitation assay	https://www.ncbi.nlm.nih.gov/pubmed/?term=27924024%5Buid%5D	Mus musculus	GTRD	No
Q9CXC9	104156	Etv5	chromatin immunoprecipitation assay	https://www.ncbi.nlm.nih.gov/pubmed/?term=27924024%5Buid%5D	Mus musculus	GTRD	No
Q921N8	56310	Gps2	chromatin immunoprecipitation assay	https://www.ncbi.nlm.nih.gov/pubmed/?term=27924024%5Buid%5D	Mus musculus	GTRD	No
Q64705	22282	Usf2	chromatin immunoprecipitation assay	https://www.ncbi.nlm.nih.gov/pubmed/?term=27924024%5Buid%5D	Mus musculus	GTRD	No
O70546	22289	Kdm6a	chromatin immunoprecipitation assay	https://www.ncbi.nlm.nih.gov/pubmed/?term=27924024%5Buid%5D	Mus musculus	GTRD	No
P54843	17132	Maf	chromatin immunoprecipitation assay	https://www.ncbi.nlm.nih.gov/pubmed/?term=27924024%5Buid%5D	Mus musculus	GTRD	No
P10085	17927	Myod1	chromatin immunoprecipitation assay	https://www.ncbi.nlm.nih.gov/pubmed/?term=27924024%5Buid%5D	Mus musculus	GTRD	No
Q6KCD5	71175	Nipbl	chromatin immunoprecipitation assay	https://www.ncbi.nlm.nih.gov/pubmed/?term=27924024%5Buid%5D	Mus musculus	GTRD	No
Q8CFN5	17260	Mef2c	chromatin immunoprecipitation assay	https://www.ncbi.nlm.nih.gov/pubmed/?term=27924024%5Buid%5D	Mus musculus	GTRD	No
O88898	22061	Tp63	chromatin immunoprecipitation assay	https://www.ncbi.nlm.nih.gov/pubmed/?term=27924024%5Buid%5D	Mus musculus	GTRD	No
Q02650	18507	Pax5	chromatin immunoprecipitation assay	https://www.ncbi.nlm.nih.gov/pubmed/?term=27924024%5Buid%5D	Mus musculus	GTRD	No
Q61324	11864	Arnt2	chromatin immunoprecipitation assay	https://www.ncbi.nlm.nih.gov/pubmed/?term=27924024%5Buid%5D	Mus musculus	GTRD	No
Q62432	17126	Smad2	chromatin immunoprecipitation assay	https://www.ncbi.nlm.nih.gov/pubmed/?term=27924024%5Buid%5D	Mus musculus	GTRD	No
P21784	19374	Rag2	chromatin immunoprecipitation assay	https://www.ncbi.nlm.nih.gov/pubmed/?term=27924024%5Buid%5D	Mus musculus	GTRD	No
Q60821	22642	Zbtb17	chromatin immunoprecipitation assay	https://www.ncbi.nlm.nih.gov/pubmed/?term=27924024%5Buid%5D	Mus musculus	GTRD	No
A2A884	16656	Hivep3	chromatin immunoprecipitation assay	https://www.ncbi.nlm.nih.gov/pubmed/?term=27924024%5Buid%5D	Mus musculus	GTRD	No
O09000	NA	Ncoa3	chromatin immunoprecipitation assay	https://www.ncbi.nlm.nih.gov/pubmed/?term=27924024%5Buid%5D	Mus musculus	GTRD	No
P09450	16477	Junb	chromatin immunoprecipitation assay	https://www.ncbi.nlm.nih.gov/pubmed/?term=27924024%5Buid%5D	Mus musculus	GTRD	No
P15314	16362	Irf1	chromatin immunoprecipitation assay	https://www.ncbi.nlm.nih.gov/pubmed/?term=27924024%5Buid%5D	Mus musculus	GTRD	No
P29037	21374	Tbp	chromatin immunoprecipitation assay	https://www.ncbi.nlm.nih.gov/pubmed/?term=27924024%5Buid%5D	Mus musculus	GTRD	No
Q80U70	52615	Suz12	chromatin immunoprecipitation assay	https://www.ncbi.nlm.nih.gov/pubmed/?term=27924024%5Buid%5D	Mus musculus	GTRD	No
Q62318	21849	Trim28	chromatin immunoprecipitation assay	https://www.ncbi.nlm.nih.gov/pubmed/?term=27924024%5Buid%5D	Mus musculus	GTRD	No
O08785	12753	Clock	chromatin immunoprecipitation assay	https://www.ncbi.nlm.nih.gov/pubmed/?term=27924024%5Buid%5D	Mus musculus	GTRD	No
Q6XBJ3	225631	Onecut2	chromatin immunoprecipitation assay	https://www.ncbi.nlm.nih.gov/pubmed/?term=27924024%5Buid%5D	Mus musculus	GTRD	No
P70120	15208	Hes5	chromatin immunoprecipitation assay	https://www.ncbi.nlm.nih.gov/pubmed/?term=27924024%5Buid%5D	Mus musculus	GTRD	No
Q6DIC0	67155	Smarca2	chromatin immunoprecipitation assay	https://www.ncbi.nlm.nih.gov/pubmed/?term=27924024%5Buid%5D	Mus musculus	GTRD	No
O35638	20843	Stag2	chromatin immunoprecipitation assay	https://www.ncbi.nlm.nih.gov/pubmed/?term=27924024%5Buid%5D	Mus musculus	GTRD	No
A2RSY1	226976	Kansl3	chromatin immunoprecipitation assay	https://www.ncbi.nlm.nih.gov/pubmed/?term=27924024%5Buid%5D	Mus musculus	GTRD	No
P02340	22059	Tp53	chromatin immunoprecipitation assay	https://www.ncbi.nlm.nih.gov/pubmed/?term=27924024%5Buid%5D	Mus musculus	GTRD	No
Q60765	11910	Atf3	chromatin immunoprecipitation assay	https://www.ncbi.nlm.nih.gov/pubmed/?term=27924024%5Buid%5D	Mus musculus	GTRD	No
Q8BIH0	269003	Sap130	chromatin immunoprecipitation assay	https://www.ncbi.nlm.nih.gov/pubmed/?term=27924024%5Buid%5D	Mus musculus	GTRD	No
Q8BX22	99377	Sall4	chromatin immunoprecipitation assay	https://www.ncbi.nlm.nih.gov/pubmed/?term=27924024%5Buid%5D	Mus musculus	GTRD	No
O35295	19291	Purb	chromatin immunoprecipitation assay	https://www.ncbi.nlm.nih.gov/pubmed/?term=27924024%5Buid%5D	Mus musculus	GTRD	No
P42225	NA	Stat1	chromatin immunoprecipitation assay	https://www.ncbi.nlm.nih.gov/pubmed/?term=27924024%5Buid%5D	Mus musculus	GTRD	No
P17679	14460	Gata1	chromatin immunoprecipitation assay	https://www.ncbi.nlm.nih.gov/pubmed/?term=27924024%5Buid%5D	Mus musculus	GTRD	No
A1JVI8	664783	Dux	chromatin immunoprecipitation assay	https://www.ncbi.nlm.nih.gov/pubmed/?term=27924024%5Buid%5D	Mus musculus	GTRD	No
Q91VL8	57321	Terf2ip	chromatin immunoprecipitation assay	https://www.ncbi.nlm.nih.gov/pubmed/?term=27924024%5Buid%5D	Mus musculus	GTRD	No
Q61039	15111	Hand2	chromatin immunoprecipitation assay	https://www.ncbi.nlm.nih.gov/pubmed/?term=27924024%5Buid%5D	Mus musculus	GTRD	No
P22091	21349	Tal1	chromatin immunoprecipitation assay	https://www.ncbi.nlm.nih.gov/pubmed/?term=27924024%5Buid%5D	Mus musculus	GTRD	No
Q9CWR2	69726	Smyd3	chromatin immunoprecipitation assay	https://www.ncbi.nlm.nih.gov/pubmed/?term=27924024%5Buid%5D	Mus musculus	GTRD	No
Q9CW03	13006	Smc3	chromatin immunoprecipitation assay	https://www.ncbi.nlm.nih.gov/pubmed/?term=27924024%5Buid%5D	Mus musculus	GTRD	No
P01101	14281	Fos	chromatin immunoprecipitation assay	https://www.ncbi.nlm.nih.gov/pubmed/?term=27924024%5Buid%5D	Mus musculus	GTRD	No
Q8CGN4	71458	Bcor	chromatin immunoprecipitation assay	https://www.ncbi.nlm.nih.gov/pubmed/?term=27924024%5Buid%5D	Mus musculus	GTRD	No
Q9QUS4	15214	Hey2	chromatin immunoprecipitation assay	https://www.ncbi.nlm.nih.gov/pubmed/?term=27924024%5Buid%5D	Mus musculus	GTRD	No
Q60929	17258	Mef2a	chromatin immunoprecipitation assay	https://www.ncbi.nlm.nih.gov/pubmed/?term=27924024%5Buid%5D	Mus musculus	GTRD	No
P17433	20375	Spi1	chromatin immunoprecipitation assay	https://www.ncbi.nlm.nih.gov/pubmed/?term=27924024%5Buid%5D	Mus musculus	GTRD	No
P48432	20674	Sox2	chromatin immunoprecipitation assay	https://www.ncbi.nlm.nih.gov/pubmed/?term=27924024%5Buid%5D	Mus musculus	GTRD	No
Q8C6P8	22715	Zfp57	chromatin immunoprecipitation assay	https://www.ncbi.nlm.nih.gov/pubmed/?term=27924024%5Buid%5D	Mus musculus	GTRD	No
Q99PV8	58208	Bcl11b	chromatin immunoprecipitation assay	https://www.ncbi.nlm.nih.gov/pubmed/?term=27924024%5Buid%5D	Mus musculus	GTRD	No
Q925J9	19014	Med1	chromatin immunoprecipitation assay	https://www.ncbi.nlm.nih.gov/pubmed/?term=27924024%5Buid%5D	Mus musculus	GTRD	No
Q9WU42	20602	Ncor2	chromatin immunoprecipitation assay	https://www.ncbi.nlm.nih.gov/pubmed/?term=27924024%5Buid%5D	Mus musculus	GTRD	No
Q64HY3	381373	Sp9	chromatin immunoprecipitation assay	https://www.ncbi.nlm.nih.gov/pubmed/?term=27924024%5Buid%5D	Mus musculus	GTRD	No
P41969	13712	Elk1	chromatin immunoprecipitation assay	https://www.ncbi.nlm.nih.gov/pubmed/?term=27924024%5Buid%5D	Mus musculus	GTRD	No
P22361	21405	Hnf1a	chromatin immunoprecipitation assay	https://www.ncbi.nlm.nih.gov/pubmed/?term=27924024%5Buid%5D	Mus musculus	GTRD	No
Q9JLQ4	22634	Plagl1	chromatin immunoprecipitation assay	https://www.ncbi.nlm.nih.gov/pubmed/?term=27924024%5Buid%5D	Mus musculus	GTRD	No
P23772	14462	Gata3	chromatin immunoprecipitation assay	https://www.ncbi.nlm.nih.gov/pubmed/?term=27924024%5Buid%5D	Mus musculus	GTRD	No
Q3URK3	NA	Tet1	chromatin immunoprecipitation assay	https://www.ncbi.nlm.nih.gov/pubmed/?term=27924024%5Buid%5D	Mus musculus	GTRD	No
P70326	21388	Tbx5	chromatin immunoprecipitation assay	https://www.ncbi.nlm.nih.gov/pubmed/?term=27924024%5Buid%5D	Mus musculus	GTRD	No
Q6P1G2	30841	Kdm2b	chromatin immunoprecipitation assay	https://www.ncbi.nlm.nih.gov/pubmed/?term=27924024%5Buid%5D	Mus musculus	GTRD	No
Q6ZPV2	68142	Ino80	chromatin immunoprecipitation assay	https://www.ncbi.nlm.nih.gov/pubmed/?term=27924024%5Buid%5D	Mus musculus	GTRD	No
P15806	21423	Tcf3	chromatin immunoprecipitation assay	https://www.ncbi.nlm.nih.gov/pubmed/?term=27924024%5Buid%5D	Mus musculus	GTRD	No
P09631	15405	Hoxa9	chromatin immunoprecipitation assay	https://www.ncbi.nlm.nih.gov/pubmed/?term=27924024%5Buid%5D	Mus musculus	GTRD	No
P34056	21418	Tfap2a	chromatin immunoprecipitation assay	https://www.ncbi.nlm.nih.gov/pubmed/?term=27924024%5Buid%5D	Mus musculus	GTRD	No
Q61473	20671	Sox17	chromatin immunoprecipitation assay	https://www.ncbi.nlm.nih.gov/pubmed/?term=27924024%5Buid%5D	Mus musculus	GTRD	No
P20293	20997	Tbxt	chromatin immunoprecipitation assay	https://www.ncbi.nlm.nih.gov/pubmed/?term=27924024%5Buid%5D	Mus musculus	GTRD	No
Q9QXE7	21372	Tbl1x	chromatin immunoprecipitation assay	https://www.ncbi.nlm.nih.gov/pubmed/?term=27924024%5Buid%5D	Mus musculus	GTRD	No
Q60954	17268	Meis1	chromatin immunoprecipitation assay	https://www.ncbi.nlm.nih.gov/pubmed/?term=27924024%5Buid%5D	Mus musculus	GTRD	No
Q8BSQ9	NA	Pbrm1	chromatin immunoprecipitation assay	https://www.ncbi.nlm.nih.gov/pubmed/?term=27924024%5Buid%5D	Mus musculus	GTRD	No
P70278	20899	Stra8	chromatin immunoprecipitation assay	https://www.ncbi.nlm.nih.gov/pubmed/?term=27924024%5Buid%5D	Mus musculus	GTRD	No
Q08024	12400	Cbfb	chromatin immunoprecipitation assay	https://www.ncbi.nlm.nih.gov/pubmed/?term=27924024%5Buid%5D	Mus musculus	GTRD	No
Q8BP71	93686	Rbfox2	chromatin immunoprecipitation assay	https://www.ncbi.nlm.nih.gov/pubmed/?term=27924024%5Buid%5D	Mus musculus	GTRD	No
P97449	16790	Anpep	chromatin immunoprecipitation assay	https://www.ncbi.nlm.nih.gov/pubmed/?term=27924024%5Buid%5D	Mus musculus	GTRD	No
Q8BSP2	52683	Ncaph2	chromatin immunoprecipitation assay	https://www.ncbi.nlm.nih.gov/pubmed/?term=27924024%5Buid%5D	Mus musculus	GTRD	No
Q61539	26380	Esrrb	chromatin immunoprecipitation assay	https://www.ncbi.nlm.nih.gov/pubmed/?term=27924024%5Buid%5D	Mus musculus	GTRD	No
Q60520	20466	Sin3a	chromatin immunoprecipitation assay	https://www.ncbi.nlm.nih.gov/pubmed/?term=27924024%5Buid%5D	Mus musculus	GTRD	No
P70662	16825	Ldb1	chromatin immunoprecipitation assay	https://www.ncbi.nlm.nih.gov/pubmed/?term=27924024%5Buid%5D	Mus musculus	GTRD	No
Q8BG30	24116	Nelfa	chromatin immunoprecipitation assay	https://www.ncbi.nlm.nih.gov/pubmed/?term=27924024%5Buid%5D	Mus musculus	GTRD	No
P70351	14055	Ezh1	chromatin immunoprecipitation assay	https://www.ncbi.nlm.nih.gov/pubmed/?term=27924024%5Buid%5D	Mus musculus	GTRD	No
A2APF3	664799	Ctcfl	chromatin immunoprecipitation assay	https://www.ncbi.nlm.nih.gov/pubmed/?term=27924024%5Buid%5D	Mus musculus	GTRD	No
Q03147	12572	Cdk7	chromatin immunoprecipitation assay	https://www.ncbi.nlm.nih.gov/pubmed/?term=27924024%5Buid%5D	Mus musculus	GTRD	No
P23798	22658	Pcgf2	chromatin immunoprecipitation assay	https://www.ncbi.nlm.nih.gov/pubmed/?term=27924024%5Buid%5D	Mus musculus	GTRD	No
P06537	NA	Nr3c1	chromatin immunoprecipitation assay	https://www.ncbi.nlm.nih.gov/pubmed/?term=27924024%5Buid%5D	Mus musculus	GTRD	No
O09100	14461	Gata2	chromatin immunoprecipitation assay	https://www.ncbi.nlm.nih.gov/pubmed/?term=27924024%5Buid%5D	Mus musculus	GTRD	No
P55200	NA	Kmt2a	chromatin immunoprecipitation assay	https://www.ncbi.nlm.nih.gov/pubmed/?term=27924024%5Buid%5D	Mus musculus	GTRD	No
P47930	14284	Fosl2	chromatin immunoprecipitation assay	https://www.ncbi.nlm.nih.gov/pubmed/?term=27924024%5Buid%5D	Mus musculus	GTRD	No
Q61188	14056	Ezh2	chromatin immunoprecipitation assay	https://www.ncbi.nlm.nih.gov/pubmed/?term=27924024%5Buid%5D	Mus musculus	GTRD	No
Q62296	21679	Tead4	chromatin immunoprecipitation assay	https://www.ncbi.nlm.nih.gov/pubmed/?term=27924024%5Buid%5D	Mus musculus	GTRD	No
Q61286	21406	Tcf12	chromatin immunoprecipitation assay	https://www.ncbi.nlm.nih.gov/pubmed/?term=27924024%5Buid%5D	Mus musculus	GTRD	No
P53566	12606	Cebpa	chromatin immunoprecipitation assay	https://www.ncbi.nlm.nih.gov/pubmed/?term=27924024%5Buid%5D	Mus musculus	GTRD	No
P35582	15375	Foxa1	chromatin immunoprecipitation assay	https://www.ncbi.nlm.nih.gov/pubmed/?term=27924024%5Buid%5D	Mus musculus	GTRD	No
Q8CCI5	56353	Rybp	chromatin immunoprecipitation assay	https://www.ncbi.nlm.nih.gov/pubmed/?term=27924024%5Buid%5D	Mus musculus	GTRD	No
Q08369	14463	Gata4	chromatin immunoprecipitation assay	https://www.ncbi.nlm.nih.gov/pubmed/?term=27924024%5Buid%5D	Mus musculus	GTRD	No
Q61687	22589	Atrx	chromatin immunoprecipitation assay	https://www.ncbi.nlm.nih.gov/pubmed/?term=27924024%5Buid%5D	Mus musculus	GTRD	No
Q60775	13709	Elf1	chromatin immunoprecipitation assay	https://www.ncbi.nlm.nih.gov/pubmed/?term=27924024%5Buid%5D	Mus musculus	GTRD	No
Q00175	18667	Pgr	chromatin immunoprecipitation assay	https://www.ncbi.nlm.nih.gov/pubmed/?term=27924024%5Buid%5D	Mus musculus	GTRD	No
Q6PDK2	NA	Kmt2d	chromatin immunoprecipitation assay	https://www.ncbi.nlm.nih.gov/pubmed/?term=27924024%5Buid%5D	Mus musculus	GTRD	No
Q9QXG4	60525	Acss2	chromatin immunoprecipitation assay	https://www.ncbi.nlm.nih.gov/pubmed/?term=27924024%5Buid%5D	Mus musculus	GTRD	No
Q64511	21974	Top2b	chromatin immunoprecipitation assay	https://www.ncbi.nlm.nih.gov/pubmed/?term=27924024%5Buid%5D	Mus musculus	GTRD	No
Q99L90	51812	Mcrs1	chromatin immunoprecipitation assay	https://www.ncbi.nlm.nih.gov/pubmed/?term=27924024%5Buid%5D	Mus musculus	GTRD	No
P49698	15378	Hnf4a	chromatin immunoprecipitation assay	https://www.ncbi.nlm.nih.gov/pubmed/?term=27924024%5Buid%5D	Mus musculus	GTRD	No
P80206	NA	Otx2	chromatin immunoprecipitation assay	https://www.ncbi.nlm.nih.gov/pubmed/?term=27924024%5Buid%5D	Mus musculus	GTRD	No
Q9CQJ4	19821	Rnf2	chromatin immunoprecipitation assay	https://www.ncbi.nlm.nih.gov/pubmed/?term=27924024%5Buid%5D	Mus musculus	GTRD	No
P48377	19724	Rfx1	chromatin immunoprecipitation assay	https://www.ncbi.nlm.nih.gov/pubmed/?term=27924024%5Buid%5D	Mus musculus	GTRD	No
P42227	20848	Stat3	chromatin immunoprecipitation assay	https://www.ncbi.nlm.nih.gov/pubmed/?term=27924024%5Buid%5D	Mus musculus	GTRD	No
P11416	19401	Rara	chromatin immunoprecipitation assay	https://www.ncbi.nlm.nih.gov/pubmed/?term=27924024%5Buid%5D	Mus musculus	GTRD	No
B2RWS6	328572	Ep300	chromatin immunoprecipitation assay	https://www.ncbi.nlm.nih.gov/pubmed/?term=27924024%5Buid%5D	Mus musculus	GTRD	No
Q9JMD1	54650	Sfmbt1	chromatin immunoprecipitation assay	https://www.ncbi.nlm.nih.gov/pubmed/?term=27924024%5Buid%5D	Mus musculus	GTRD	No
Q60636	12142	Prdm1	chromatin immunoprecipitation assay	https://www.ncbi.nlm.nih.gov/pubmed/?term=27924024%5Buid%5D	Mus musculus	GTRD	No
P70671	54131	Irf3	chromatin immunoprecipitation assay	https://www.ncbi.nlm.nih.gov/pubmed/?term=27924024%5Buid%5D	Mus musculus	GTRD	No
Q8VDS3	52609	Cbx7	chromatin immunoprecipitation assay	https://www.ncbi.nlm.nih.gov/pubmed/?term=27924024%5Buid%5D	Mus musculus	GTRD	No
P70459	13875	Erf	chromatin immunoprecipitation assay	https://www.ncbi.nlm.nih.gov/pubmed/?term=27924024%5Buid%5D	Mus musculus	GTRD	No
P46938	22601	Yap1	chromatin immunoprecipitation assay	https://www.ncbi.nlm.nih.gov/pubmed/?term=27924024%5Buid%5D	Mus musculus	GTRD	No
Q00322	12609	Cebpd	chromatin immunoprecipitation assay	https://www.ncbi.nlm.nih.gov/pubmed/?term=27924024%5Buid%5D	Mus musculus	GTRD	No
Q7JJ13	14312	Brd2	chromatin immunoprecipitation assay	https://www.ncbi.nlm.nih.gov/pubmed/?term=27924024%5Buid%5D	Mus musculus	GTRD	No
Q60611	20230	Satb1	chromatin immunoprecipitation assay	https://www.ncbi.nlm.nih.gov/pubmed/?term=27924024%5Buid%5D	Mus musculus	GTRD	No
O88974	NA	Setdb1	chromatin immunoprecipitation assay	https://www.ncbi.nlm.nih.gov/pubmed/?term=27924024%5Buid%5D	Mus musculus	GTRD	No
Q61818	19377	Rai1	chromatin immunoprecipitation assay	https://www.ncbi.nlm.nih.gov/pubmed/?term=27924024%5Buid%5D	Mus musculus	GTRD	No
P35583	15376	Foxa2	chromatin immunoprecipitation assay	https://www.ncbi.nlm.nih.gov/pubmed/?term=27924024%5Buid%5D	Mus musculus	GTRD	No
P25801	16909	Lmo2	chromatin immunoprecipitation assay	https://www.ncbi.nlm.nih.gov/pubmed/?term=27924024%5Buid%5D	Mus musculus	GTRD	No
Q9WVL2	NA	Stat2	chromatin immunoprecipitation assay	https://www.ncbi.nlm.nih.gov/pubmed/?term=27924024%5Buid%5D	Mus musculus	GTRD	No
Q99JB6	20371	Foxp3	chromatin immunoprecipitation assay	https://www.ncbi.nlm.nih.gov/pubmed/?term=27924024%5Buid%5D	Mus musculus	GTRD	No
Q80Z64	71950	Nanog	chromatin immunoprecipitation assay	https://www.ncbi.nlm.nih.gov/pubmed/?term=27924024%5Buid%5D	Mus musculus	GTRD	No
Q61164	13018	Ctcf	chromatin immunoprecipitation assay	https://www.ncbi.nlm.nih.gov/pubmed/?term=27924024%5Buid%5D	Mus musculus	GTRD	No
P97360	14011	Etv6	chromatin immunoprecipitation assay	https://www.ncbi.nlm.nih.gov/pubmed/?term=27924024%5Buid%5D	Mus musculus	GTRD	No
Q9D030	13345	Twist2	chromatin immunoprecipitation assay	https://www.ncbi.nlm.nih.gov/pubmed/?term=27924024%5Buid%5D	Mus musculus	GTRD	No
O08550	75410	Kmt2b	chromatin immunoprecipitation assay	https://www.ncbi.nlm.nih.gov/pubmed/?term=27924024%5Buid%5D	Mus musculus	GTRD	No
Q8C5D8	17344	Pias2	chromatin immunoprecipitation assay	https://www.ncbi.nlm.nih.gov/pubmed/?term=27924024%5Buid%5D	Mus musculus	GTRD	No
O54790	17134	Mafg	chromatin immunoprecipitation assay	https://www.ncbi.nlm.nih.gov/pubmed/?term=27924024%5Buid%5D	Mus musculus	GTRD	No
Q9Z2D6	17257	Mecp2	chromatin immunoprecipitation assay	https://www.ncbi.nlm.nih.gov/pubmed/?term=27924024%5Buid%5D	Mus musculus	GTRD	No
Q99NA9	71041	Pcgf6	chromatin immunoprecipitation assay	https://www.ncbi.nlm.nih.gov/pubmed/?term=27924024%5Buid%5D	Mus musculus	GTRD	No
P70288	15182	Hdac2	chromatin immunoprecipitation assay	https://www.ncbi.nlm.nih.gov/pubmed/?term=27924024%5Buid%5D	Mus musculus	GTRD	No
P28700	20181	Rxra	chromatin immunoprecipitation assay	https://www.ncbi.nlm.nih.gov/pubmed/?term=27924024%5Buid%5D	Mus musculus	GTRD	No
P27577	23871	Ets1	chromatin immunoprecipitation assay	https://www.ncbi.nlm.nih.gov/pubmed/?term=27924024%5Buid%5D	Mus musculus	GTRD	No
Q04207	19697	Rela	chromatin immunoprecipitation assay	https://www.ncbi.nlm.nih.gov/pubmed/?term=27924024%5Buid%5D	Mus musculus	GTRD	No
Q9R1E0	56458	Foxo1	chromatin immunoprecipitation assay	https://www.ncbi.nlm.nih.gov/pubmed/?term=27924024%5Buid%5D	Mus musculus	GTRD	No
Q8VCD7	76804	Kdm4c	chromatin immunoprecipitation assay	https://www.ncbi.nlm.nih.gov/pubmed/?term=27924024%5Buid%5D	Mus musculus	GTRD	No
Q04887	20682	Sox9	chromatin immunoprecipitation assay	https://www.ncbi.nlm.nih.gov/pubmed/?term=27924024%5Buid%5D	Mus musculus	GTRD	No
O88508	13435	Dnmt3a	chromatin immunoprecipitation assay	https://www.ncbi.nlm.nih.gov/pubmed/?term=27924024%5Buid%5D	Mus musculus	GTRD	No
P14733	16906	Lmnb1	chromatin immunoprecipitation assay	https://www.ncbi.nlm.nih.gov/pubmed/?term=27924024%5Buid%5D	Mus musculus	GTRD	No
Q08297	19361	Rad51	chromatin immunoprecipitation assay	https://www.ncbi.nlm.nih.gov/pubmed/?term=27924024%5Buid%5D	Mus musculus	GTRD	No
P30051	NA	Tead1	chromatin immunoprecipitation assay	https://www.ncbi.nlm.nih.gov/pubmed/?term=27924024%5Buid%5D	Mus musculus	GTRD	No
P31266	19664	Rbpj	chromatin immunoprecipitation assay	https://www.ncbi.nlm.nih.gov/pubmed/?term=27924024%5Buid%5D	Mus musculus	GTRD	No
Q9WTN3	20787	Srebf1	chromatin immunoprecipitation assay	https://www.ncbi.nlm.nih.gov/pubmed/?term=27924024%5Buid%5D	Mus musculus	GTRD	No
Q9JIZ5	83383	Tfap4	chromatin immunoprecipitation assay	https://www.ncbi.nlm.nih.gov/pubmed/?term=27924024%5Buid%5D	Mus musculus	GTRD	No
P05627	16476	Jun	chromatin immunoprecipitation assay	https://www.ncbi.nlm.nih.gov/pubmed/?term=27924024%5Buid%5D	Mus musculus	GTRD	No
Q61827	17135	Mafk	chromatin immunoprecipitation assay	https://www.ncbi.nlm.nih.gov/pubmed/?term=27924024%5Buid%5D	Mus musculus	GTRD	No
Q62093	20382	Srsf2	chromatin immunoprecipitation assay	https://www.ncbi.nlm.nih.gov/pubmed/?term=27924024%5Buid%5D	Mus musculus	GTRD	No
Q60793	16600	Klf4	chromatin immunoprecipitation assay	https://www.ncbi.nlm.nih.gov/pubmed/?term=27924024%5Buid%5D	Mus musculus	GTRD	No
P97303	12014	Bach2	chromatin immunoprecipitation assay	https://www.ncbi.nlm.nih.gov/pubmed/?term=27924024%5Buid%5D	Mus musculus	GTRD	No
Q9WUU6	30942	Hnf4g	chromatin immunoprecipitation assay	https://www.ncbi.nlm.nih.gov/pubmed/?term=27924024%5Buid%5D	Mus musculus	GTRD	No
E9PYH6	233904	Setd1a	chromatin immunoprecipitation assay	https://www.ncbi.nlm.nih.gov/pubmed/?term=27924024%5Buid%5D	Mus musculus	GTRD	No
Q80UV9	270627	Taf1	chromatin immunoprecipitation assay	https://www.ncbi.nlm.nih.gov/pubmed/?term=27924024%5Buid%5D	Mus musculus	GTRD	No
C3VPR6	434341	Nlrc5	chromatin immunoprecipitation assay	https://www.ncbi.nlm.nih.gov/pubmed/?term=27924024%5Buid%5D	Mus musculus	GTRD	No
O54791	17133	Maff	chromatin immunoprecipitation assay	https://www.ncbi.nlm.nih.gov/pubmed/?term=27924024%5Buid%5D	Mus musculus	GTRD	No
Q91WV0	13486	Dr1	chromatin immunoprecipitation assay	https://www.ncbi.nlm.nih.gov/pubmed/?term=27924024%5Buid%5D	Mus musculus	GTRD	No
Q6PDQ2	107932	Chd4	chromatin immunoprecipitation assay	https://www.ncbi.nlm.nih.gov/pubmed/?term=27924024%5Buid%5D	Mus musculus	GTRD	No
P58462	108655	Foxp1	chromatin immunoprecipitation assay	https://www.ncbi.nlm.nih.gov/pubmed/?term=27924024%5Buid%5D	Mus musculus	GTRD	No
P50481	16871	Lhx3	chromatin immunoprecipitation assay	https://www.ncbi.nlm.nih.gov/pubmed/?term=27924024%5Buid%5D	Mus musculus	GTRD	No
Q8BRH4	NA	Kmt2c	chromatin immunoprecipitation assay	https://www.ncbi.nlm.nih.gov/pubmed/?term=27924024%5Buid%5D	Mus musculus	GTRD	No
Q6PZD9	110794	Cebpe	chromatin immunoprecipitation assay	https://www.ncbi.nlm.nih.gov/pubmed/?term=27924024%5Buid%5D	Mus musculus	GTRD	No
O88509	13436	Dnmt3b	chromatin immunoprecipitation assay	https://www.ncbi.nlm.nih.gov/pubmed/?term=27924024%5Buid%5D	Mus musculus	GTRD	No
Q61026	17978	Ncoa2	chromatin immunoprecipitation assay	https://www.ncbi.nlm.nih.gov/pubmed/?term=27924024%5Buid%5D	Mus musculus	GTRD	No
Q62232	20472	Six2	chromatin immunoprecipitation assay	https://www.ncbi.nlm.nih.gov/pubmed/?term=27924024%5Buid%5D	Mus musculus	GTRD	No
P48755	14283	Fosl1	chromatin immunoprecipitation assay	https://www.ncbi.nlm.nih.gov/pubmed/?term=27924024%5Buid%5D	Mus musculus	GTRD	No
P23611	15900	Irf8	chromatin immunoprecipitation assay	https://www.ncbi.nlm.nih.gov/pubmed/?term=27924024%5Buid%5D	Mus musculus	GTRD	No
P20263	18999	Pou5f1	chromatin immunoprecipitation assay	https://www.ncbi.nlm.nih.gov/pubmed/?term=27924024%5Buid%5D	Mus musculus	GTRD	No
Q8BGC0	72459	Htatsf1	chromatin immunoprecipitation assay	https://www.ncbi.nlm.nih.gov/pubmed/?term=27924024%5Buid%5D	Mus musculus	GTRD	No
Q00422	14390	Gabpa	chromatin immunoprecipitation assay	https://www.ncbi.nlm.nih.gov/pubmed/?term=27924024%5Buid%5D	Mus musculus	GTRD	No
Q07802	13591	Ebf1	chromatin immunoprecipitation assay,inferred by curator	https://www.ncbi.nlm.nih.gov/pubmed/?term=18971253%5Buid%5D+OR+27924024%5Buid%5D+OR+26578589%5Buid%5D	Mus musculus	GTRD,ORegAnno,PAZAR	No
Q61312	21420	Tfap2c	chromatin immunoprecipitation assay	https://www.ncbi.nlm.nih.gov/pubmed/?term=27924024%5Buid%5D	Mus musculus	GTRD	No
Q8BUN5	17127	Smad3	chromatin immunoprecipitation assay	https://www.ncbi.nlm.nih.gov/pubmed/?term=27924024%5Buid%5D	Mus musculus	GTRD	No
P23906	16363	Irf2	chromatin immunoprecipitation assay	https://www.ncbi.nlm.nih.gov/pubmed/?term=27924024%5Buid%5D	Mus musculus	GTRD	No
P70338	14581	Gfi1	chromatin immunoprecipitation assay	https://www.ncbi.nlm.nih.gov/pubmed/?term=27924024%5Buid%5D	Mus musculus	GTRD	No
P24270	12359	Cat	chromatin immunoprecipitation assay	https://www.ncbi.nlm.nih.gov/pubmed/?term=27924024%5Buid%5D	Mus musculus	GTRD	No
O88559	17283	Men1	chromatin immunoprecipitation assay	https://www.ncbi.nlm.nih.gov/pubmed/?term=27924024%5Buid%5D	Mus musculus	GTRD	No
Q9WTL8	11865	Arntl	chromatin immunoprecipitation assay	https://www.ncbi.nlm.nih.gov/pubmed/?term=27924024%5Buid%5D	Mus musculus	GTRD	No
Q64318	21417	Zeb1	chromatin immunoprecipitation assay	https://www.ncbi.nlm.nih.gov/pubmed/?term=27924024%5Buid%5D	Mus musculus	GTRD	No
P21952	18991	Pou3f1	chromatin immunoprecipitation assay	https://www.ncbi.nlm.nih.gov/pubmed/?term=27924024%5Buid%5D	Mus musculus	GTRD	No
P15066	16478	Jund	chromatin immunoprecipitation assay	https://www.ncbi.nlm.nih.gov/pubmed/?term=27924024%5Buid%5D	Mus musculus	GTRD	No
Q60974	NA	Ncor1	chromatin immunoprecipitation assay	https://www.ncbi.nlm.nih.gov/pubmed/?term=27924024%5Buid%5D	Mus musculus	GTRD	No
P48281	22337	Vdr	chromatin immunoprecipitation assay	https://www.ncbi.nlm.nih.gov/pubmed/?term=27924024%5Buid%5D	Mus musculus	GTRD	No
P70396	13395	Dlx5	chromatin immunoprecipitation assay	https://www.ncbi.nlm.nih.gov/pubmed/?term=27924024%5Buid%5D	Mus musculus	GTRD	No
P59997	225876	Kdm2a	chromatin immunoprecipitation assay	https://www.ncbi.nlm.nih.gov/pubmed/?term=27924024%5Buid%5D	Mus musculus	GTRD	No
P51827	NA	Aff3	chromatin immunoprecipitation assay	https://www.ncbi.nlm.nih.gov/pubmed/?term=27924024%5Buid%5D	Mus musculus	GTRD	No
P48985	11921	Atoh1	chromatin immunoprecipitation assay,inferred by curator	https://www.ncbi.nlm.nih.gov/pubmed/?term=18971253%5Buid%5D+OR+27924024%5Buid%5D+OR+26578589%5Buid%5D	Mus musculus	GTRD,ORegAnno,PAZAR	No
O35185	20893	Bhlhe40	chromatin immunoprecipitation assay	https://www.ncbi.nlm.nih.gov/pubmed/?term=27924024%5Buid%5D	Mus musculus	GTRD	No
Q02067	17172	Ascl1	chromatin immunoprecipitation assay	https://www.ncbi.nlm.nih.gov/pubmed/?term=27924024%5Buid%5D	Mus musculus	GTRD	No
Q61550	19357	Rad21	chromatin immunoprecipitation assay	https://www.ncbi.nlm.nih.gov/pubmed/?term=27924024%5Buid%5D	Mus musculus	GTRD	No
Q04692	13990	Smarcad1	chromatin immunoprecipitation assay	https://www.ncbi.nlm.nih.gov/pubmed/?term=27924024%5Buid%5D	Mus musculus	GTRD	No
P45448	26424	Nr5a2	inferred by curator	https://www.ncbi.nlm.nih.gov/pubmed/?term=18971253%5Buid%5D+OR+26578589%5Buid%5D	Mus musculus	ORegAnno,PAZAR	No
Q9Z0S2	16870	Lhx2	chromatin immunoprecipitation assay	https://www.ncbi.nlm.nih.gov/pubmed/?term=27924024%5Buid%5D	Mus musculus	GTRD	No
Q64261	12571	Cdk6	chromatin immunoprecipitation assay	https://www.ncbi.nlm.nih.gov/pubmed/?term=27924024%5Buid%5D	Mus musculus	GTRD	No
Q9JKD8	57765	Tbx21	chromatin immunoprecipitation assay	https://www.ncbi.nlm.nih.gov/pubmed/?term=27924024%5Buid%5D	Mus musculus	GTRD	No
P19785	13982	Esr1	chromatin immunoprecipitation assay	https://www.ncbi.nlm.nih.gov/pubmed/?term=27924024%5Buid%5D	Mus musculus	GTRD	No
Q01147	12912	Creb1	chromatin immunoprecipitation assay	https://www.ncbi.nlm.nih.gov/pubmed/?term=27924024%5Buid%5D	Mus musculus	GTRD	No
P97436	18095	Nkx3-1	chromatin immunoprecipitation assay	https://www.ncbi.nlm.nih.gov/pubmed/?term=27924024%5Buid%5D	Mus musculus	GTRD	No
O88895	NA	Hdac3	chromatin immunoprecipitation assay	https://www.ncbi.nlm.nih.gov/pubmed/?term=27924024%5Buid%5D	Mus musculus	GTRD	No
Q06507	11911	Atf4	chromatin immunoprecipitation assay	https://www.ncbi.nlm.nih.gov/pubmed/?term=27924024%5Buid%5D	Mus musculus	GTRD	No
Q8VDK3	13711	Elf5	chromatin immunoprecipitation assay	https://www.ncbi.nlm.nih.gov/pubmed/?term=27924024%5Buid%5D	Mus musculus	GTRD	No
P12813	15370	Nr4a1	chromatin immunoprecipitation assay	https://www.ncbi.nlm.nih.gov/pubmed/?term=27924024%5Buid%5D	Mus musculus	GTRD	No
Q61321	20474	Six4	chromatin immunoprecipitation assay	https://www.ncbi.nlm.nih.gov/pubmed/?term=27924024%5Buid%5D	Mus musculus	GTRD	No
Q9Z0Y9	22259	Nr1h3	chromatin immunoprecipitation assay	https://www.ncbi.nlm.nih.gov/pubmed/?term=27924024%5Buid%5D	Mus musculus	GTRD	No
P26323	14247	Fli1	chromatin immunoprecipitation assay	https://www.ncbi.nlm.nih.gov/pubmed/?term=27924024%5Buid%5D	Mus musculus	GTRD	No
Q3UV55	217166	Nr1d1	chromatin immunoprecipitation assay	https://www.ncbi.nlm.nih.gov/pubmed/?term=27924024%5Buid%5D	Mus musculus	GTRD	No
Q9ESP5	54713	Fezf2	chromatin immunoprecipitation assay	https://www.ncbi.nlm.nih.gov/pubmed/?term=27924024%5Buid%5D	Mus musculus	GTRD	No
Q03347	NA	Runx1	chromatin immunoprecipitation assay	https://www.ncbi.nlm.nih.gov/pubmed/?term=27924024%5Buid%5D	Mus musculus	GTRD	No
Q61191	15161	Hcfc1	chromatin immunoprecipitation assay	https://www.ncbi.nlm.nih.gov/pubmed/?term=27924024%5Buid%5D	Mus musculus	GTRD	No
Q3UQU0	105246	Brd9	chromatin immunoprecipitation assay	https://www.ncbi.nlm.nih.gov/pubmed/?term=27924024%5Buid%5D	Mus musculus	GTRD	No
Q9CWW7	74322	Cxxc1	chromatin immunoprecipitation assay	https://www.ncbi.nlm.nih.gov/pubmed/?term=27924024%5Buid%5D	Mus musculus	GTRD	No
Q62315	16468	Jarid2	chromatin immunoprecipitation assay	https://www.ncbi.nlm.nih.gov/pubmed/?term=27924024%5Buid%5D	Mus musculus	GTRD	No
Q8CHK4	81601	Kat5	chromatin immunoprecipitation assay	https://www.ncbi.nlm.nih.gov/pubmed/?term=27924024%5Buid%5D	Mus musculus	GTRD	No
P45481	NA	Crebbp	chromatin immunoprecipitation assay	https://www.ncbi.nlm.nih.gov/pubmed/?term=27924024%5Buid%5D	Mus musculus	GTRD	No
Q00899	22632	Yy1	chromatin immunoprecipitation assay	https://www.ncbi.nlm.nih.gov/pubmed/?term=27924024%5Buid%5D	Mus musculus	GTRD	No
Q02395	17765	Mtf2	chromatin immunoprecipitation assay	https://www.ncbi.nlm.nih.gov/pubmed/?term=27924024%5Buid%5D	Mus musculus	GTRD	No
Q61069	22278	Usf1	chromatin immunoprecipitation assay	https://www.ncbi.nlm.nih.gov/pubmed/?term=27924024%5Buid%5D	Mus musculus	GTRD	No
Q8VE65	66464	Taf12	chromatin immunoprecipitation assay	https://www.ncbi.nlm.nih.gov/pubmed/?term=27924024%5Buid%5D	Mus musculus	GTRD	No
P42230	20850	Stat5a	chromatin immunoprecipitation assay	https://www.ncbi.nlm.nih.gov/pubmed/?term=27924024%5Buid%5D	Mus musculus	GTRD	No
