UniprotID.TF	NCBI.GeneID.TF	Name.TF	Detection.method	PubmedID	Organism	Source.database	Small-scale.evidence
P11473	7421	VDR	chromatin immunoprecipitation assay,electrophoretic mobility shift assay,inferred by curator	https://www.ncbi.nlm.nih.gov/pubmed/?term=16518840%5Buid%5D+OR+22900683%5Buid%5D	Homo sapiens	HTRI	Yes
O43524	2309	FOXO3	chromatin immunoprecipitation assay,electrophoretic mobility shift assay,inferred by curator	https://www.ncbi.nlm.nih.gov/pubmed/?term=22900683%5Buid%5D+OR+17522055%5Buid%5D	Homo sapiens	HTRI	Yes
P55317	3169	FOXA1	chromatin immunoprecipitation assay,electrophoretic mobility shift assay,inferred by curator	https://www.ncbi.nlm.nih.gov/pubmed/?term=29126285%5Buid%5D+OR+26578589%5Buid%5D+OR+18971253%5Buid%5D+OR+27924024%5Buid%5D+OR+16331276%5Buid%5D+OR+22900683%5Buid%5D	Homo sapiens	GTRD,HTRI,ORegAnno,PAZAR,ReMap	Yes
Q6VMQ6	55729	ATF7IP	chromatin immunoprecipitation assay	https://www.ncbi.nlm.nih.gov/pubmed/?term=27924024%5Buid%5D	Homo sapiens	GTRD	No
P41229	8242	KDM5C	chromatin immunoprecipitation assay	https://www.ncbi.nlm.nih.gov/pubmed/?term=27924024%5Buid%5D	Homo sapiens	GTRD	No
Q13619	8451	CUL4A	chromatin immunoprecipitation assay	https://www.ncbi.nlm.nih.gov/pubmed/?term=27924024%5Buid%5D	Homo sapiens	GTRD	No
Q16534	3131	HLF	chromatin immunoprecipitation assay	https://www.ncbi.nlm.nih.gov/pubmed/?term=27924024%5Buid%5D	Homo sapiens	GTRD	No
O95409	7546	ZIC2	chromatin immunoprecipitation assay	https://www.ncbi.nlm.nih.gov/pubmed/?term=27924024%5Buid%5D	Homo sapiens	GTRD	No
P17275	3726	JUNB	chromatin immunoprecipitation assay	https://www.ncbi.nlm.nih.gov/pubmed/?term=29126285%5Buid%5D	Homo sapiens	ReMap	No
P17676	1051	CEBPB	chromatin immunoprecipitation assay	https://www.ncbi.nlm.nih.gov/pubmed/?term=27924024%5Buid%5D	Homo sapiens	GTRD	No
P26651	7538	ZFP36	chromatin immunoprecipitation assay	https://www.ncbi.nlm.nih.gov/pubmed/?term=27924024%5Buid%5D	Homo sapiens	GTRD	No
P22415	7391	USF1	chromatin immunoprecipitation assay	https://www.ncbi.nlm.nih.gov/pubmed/?term=27924024%5Buid%5D	Homo sapiens	GTRD	No
Q9Y618	9612	NCOR2	chromatin immunoprecipitation assay	https://www.ncbi.nlm.nih.gov/pubmed/?term=27924024%5Buid%5D	Homo sapiens	GTRD	No
Q13562	4760	NEUROD1	chromatin immunoprecipitation assay	https://www.ncbi.nlm.nih.gov/pubmed/?term=27924024%5Buid%5D	Homo sapiens	GTRD	No
Q15672	7291	TWIST1	chromatin immunoprecipitation assay	https://www.ncbi.nlm.nih.gov/pubmed/?term=27924024%5Buid%5D	Homo sapiens	GTRD	No
P08651	4782	NFIC	chromatin immunoprecipitation assay	https://www.ncbi.nlm.nih.gov/pubmed/?term=27924024%5Buid%5D	Homo sapiens	GTRD	No
O95238	25803	SPDEF	chromatin immunoprecipitation assay	https://www.ncbi.nlm.nih.gov/pubmed/?term=27924024%5Buid%5D	Homo sapiens	GTRD	No
Q9NQV7	56979	PRDM9	chromatin immunoprecipitation assay	https://www.ncbi.nlm.nih.gov/pubmed/?term=27924024%5Buid%5D	Homo sapiens	GTRD	No
Q6BEB4	389058	SP5	chromatin immunoprecipitation assay	https://www.ncbi.nlm.nih.gov/pubmed/?term=27924024%5Buid%5D	Homo sapiens	GTRD	No
P19532	7030	TFE3	chromatin immunoprecipitation assay	https://www.ncbi.nlm.nih.gov/pubmed/?term=27924024%5Buid%5D	Homo sapiens	GTRD	No
P0C0S5	3015	H2AZ1	chromatin immunoprecipitation assay	https://www.ncbi.nlm.nih.gov/pubmed/?term=27924024%5Buid%5D	Homo sapiens	GTRD	No
P13056	7181	NR2C1	chromatin immunoprecipitation assay	https://www.ncbi.nlm.nih.gov/pubmed/?term=27924024%5Buid%5D	Homo sapiens	GTRD	No
Q8NEA6	169792	GLIS3	chromatin immunoprecipitation assay	https://www.ncbi.nlm.nih.gov/pubmed/?term=27924024%5Buid%5D	Homo sapiens	GTRD	No
Q5HY98	90321	ZNF766	chromatin immunoprecipitation assay	https://www.ncbi.nlm.nih.gov/pubmed/?term=27924024%5Buid%5D	Homo sapiens	GTRD	No
Q8NEZ4	58508	KMT2C	chromatin immunoprecipitation assay	https://www.ncbi.nlm.nih.gov/pubmed/?term=27924024%5Buid%5D	Homo sapiens	GTRD	No
Q15329	1875	E2F5	chromatin immunoprecipitation assay	https://www.ncbi.nlm.nih.gov/pubmed/?term=27924024%5Buid%5D	Homo sapiens	GTRD	No
Q9NQB0	6934	TCF7L2	chromatin immunoprecipitation assay	https://www.ncbi.nlm.nih.gov/pubmed/?term=27924024%5Buid%5D	Homo sapiens	GTRD	No
P15976	2623	GATA1	chromatin immunoprecipitation assay	https://www.ncbi.nlm.nih.gov/pubmed/?term=27924024%5Buid%5D	Homo sapiens	GTRD	No
O43889	10488	CREB3	chromatin immunoprecipitation assay	https://www.ncbi.nlm.nih.gov/pubmed/?term=27924024%5Buid%5D	Homo sapiens	GTRD	No
P19484	7942	TFEB	chromatin immunoprecipitation assay	https://www.ncbi.nlm.nih.gov/pubmed/?term=27924024%5Buid%5D	Homo sapiens	GTRD	No
Q01664	7023	TFAP4	chromatin immunoprecipitation assay	https://www.ncbi.nlm.nih.gov/pubmed/?term=27924024%5Buid%5D	Homo sapiens	GTRD	No
Q01860	5460	POU5F1	chromatin immunoprecipitation assay	https://www.ncbi.nlm.nih.gov/pubmed/?term=27924024%5Buid%5D	Homo sapiens	GTRD	No
Q99612	1316	KLF6	chromatin immunoprecipitation assay	https://www.ncbi.nlm.nih.gov/pubmed/?term=27924024%5Buid%5D	Homo sapiens	GTRD	No
P04637	7157	TP53	chromatin immunoprecipitation assay	https://www.ncbi.nlm.nih.gov/pubmed/?term=27924024%5Buid%5D	Homo sapiens	GTRD	No
Q96EB6	23411	SIRT1	chromatin immunoprecipitation assay	https://www.ncbi.nlm.nih.gov/pubmed/?term=27924024%5Buid%5D	Homo sapiens	GTRD	No
O60216	5885	RAD21	chromatin immunoprecipitation assay	https://www.ncbi.nlm.nih.gov/pubmed/?term=27924024%5Buid%5D	Homo sapiens	GTRD	No
Q14565	11144	DMC1	chromatin immunoprecipitation assay	https://www.ncbi.nlm.nih.gov/pubmed/?term=27924024%5Buid%5D	Homo sapiens	GTRD	No
P08047	6667	SP1	chromatin immunoprecipitation assay	https://www.ncbi.nlm.nih.gov/pubmed/?term=27924024%5Buid%5D	Homo sapiens	GTRD	No
Q13342	11262	SP140	chromatin immunoprecipitation assay	https://www.ncbi.nlm.nih.gov/pubmed/?term=27924024%5Buid%5D	Homo sapiens	GTRD	No
Q9BWW7	83482	SCRT1	chromatin immunoprecipitation assay	https://www.ncbi.nlm.nih.gov/pubmed/?term=27924024%5Buid%5D	Homo sapiens	GTRD	No
P17947	6688	SPI1	chromatin immunoprecipitation assay	https://www.ncbi.nlm.nih.gov/pubmed/?term=27924024%5Buid%5D	Homo sapiens	GTRD	No
Q9C0F3	80818	ZNF436	chromatin immunoprecipitation assay	https://www.ncbi.nlm.nih.gov/pubmed/?term=27924024%5Buid%5D	Homo sapiens	GTRD	No
O75030	4286	MITF	chromatin immunoprecipitation assay,inferred by curator	https://www.ncbi.nlm.nih.gov/pubmed/?term=18971253%5Buid%5D+OR+27924024%5Buid%5D+OR+26578589%5Buid%5D	Homo sapiens	GTRD,ORegAnno,PAZAR	No
Q15853	7392	USF2	chromatin immunoprecipitation assay	https://www.ncbi.nlm.nih.gov/pubmed/?term=27924024%5Buid%5D	Homo sapiens	GTRD	No
Q02086	6668	SP2	chromatin immunoprecipitation assay	https://www.ncbi.nlm.nih.gov/pubmed/?term=27924024%5Buid%5D	Homo sapiens	GTRD	No
P40425	5089	PBX2	chromatin immunoprecipitation assay	https://www.ncbi.nlm.nih.gov/pubmed/?term=27924024%5Buid%5D	Homo sapiens	GTRD	No
Q9UHF7	7227	TRPS1	chromatin immunoprecipitation assay	https://www.ncbi.nlm.nih.gov/pubmed/?term=27924024%5Buid%5D	Homo sapiens	GTRD	No
Q68CP9	196528	ARID2	chromatin immunoprecipitation assay	https://www.ncbi.nlm.nih.gov/pubmed/?term=27924024%5Buid%5D	Homo sapiens	GTRD	No
O15527	4968	OGG1	chromatin immunoprecipitation assay	https://www.ncbi.nlm.nih.gov/pubmed/?term=27924024%5Buid%5D	Homo sapiens	GTRD	No
Q9HCS4	83439	TCF7L1	chromatin immunoprecipitation assay	https://www.ncbi.nlm.nih.gov/pubmed/?term=27924024%5Buid%5D	Homo sapiens	GTRD	No
P42224	6772	STAT1	chromatin immunoprecipitation assay	https://www.ncbi.nlm.nih.gov/pubmed/?term=27924024%5Buid%5D	Homo sapiens	GTRD	No
P22736	3164	NR4A1	chromatin immunoprecipitation assay	https://www.ncbi.nlm.nih.gov/pubmed/?term=27924024%5Buid%5D	Homo sapiens	GTRD	No
P41182	604	BCL6	chromatin immunoprecipitation assay	https://www.ncbi.nlm.nih.gov/pubmed/?term=27924024%5Buid%5D	Homo sapiens	GTRD	No
Q15910	2146	EZH2	chromatin immunoprecipitation assay	https://www.ncbi.nlm.nih.gov/pubmed/?term=27924024%5Buid%5D	Homo sapiens	GTRD	No
O14901	8462	KLF11	chromatin immunoprecipitation assay	https://www.ncbi.nlm.nih.gov/pubmed/?term=27924024%5Buid%5D	Homo sapiens	GTRD	No
P01100	2353	FOS	chromatin immunoprecipitation assay	https://www.ncbi.nlm.nih.gov/pubmed/?term=27924024%5Buid%5D	Homo sapiens	GTRD	No
P54198	7290	HIRA	chromatin immunoprecipitation assay	https://www.ncbi.nlm.nih.gov/pubmed/?term=27924024%5Buid%5D	Homo sapiens	GTRD	No
Q13351	10661	KLF1	chromatin immunoprecipitation assay	https://www.ncbi.nlm.nih.gov/pubmed/?term=27924024%5Buid%5D	Homo sapiens	GTRD	No
P27540	405	ARNT	chromatin immunoprecipitation assay	https://www.ncbi.nlm.nih.gov/pubmed/?term=27924024%5Buid%5D	Homo sapiens	GTRD	No
P37231	5468	PPARG	chromatin immunoprecipitation assay	https://www.ncbi.nlm.nih.gov/pubmed/?term=27924024%5Buid%5D	Homo sapiens	GTRD	No
P48431	6657	SOX2	chromatin immunoprecipitation assay	https://www.ncbi.nlm.nih.gov/pubmed/?term=27924024%5Buid%5D	Homo sapiens	GTRD	No
Q4G0J3	51574	LARP7	chromatin immunoprecipitation assay	https://www.ncbi.nlm.nih.gov/pubmed/?term=27924024%5Buid%5D	Homo sapiens	GTRD	No
O75530	8726	EED	chromatin immunoprecipitation assay	https://www.ncbi.nlm.nih.gov/pubmed/?term=27924024%5Buid%5D	Homo sapiens	GTRD	No
P23771	2625	GATA3	chromatin immunoprecipitation assay	https://www.ncbi.nlm.nih.gov/pubmed/?term=27924024%5Buid%5D	Homo sapiens	GTRD	No
P20226	6908	TBP	chromatin immunoprecipitation assay	https://www.ncbi.nlm.nih.gov/pubmed/?term=27924024%5Buid%5D	Homo sapiens	GTRD	No
Q06330	3516	RBPJ	chromatin immunoprecipitation assay	https://www.ncbi.nlm.nih.gov/pubmed/?term=27924024%5Buid%5D	Homo sapiens	GTRD	No
P49711	10664	CTCF	chromatin immunoprecipitation assay	https://www.ncbi.nlm.nih.gov/pubmed/?term=27924024%5Buid%5D	Homo sapiens	GTRD	No
P02545	4000	LMNA	chromatin immunoprecipitation assay	https://www.ncbi.nlm.nih.gov/pubmed/?term=27924024%5Buid%5D	Homo sapiens	GTRD	No
P11831	6722	SRF	chromatin immunoprecipitation assay	https://www.ncbi.nlm.nih.gov/pubmed/?term=27924024%5Buid%5D	Homo sapiens	GTRD	No
O75376	9611	NCOR1	chromatin immunoprecipitation assay	https://www.ncbi.nlm.nih.gov/pubmed/?term=27924024%5Buid%5D	Homo sapiens	GTRD	No
P51692	6777	STAT5B	chromatin immunoprecipitation assay	https://www.ncbi.nlm.nih.gov/pubmed/?term=27924024%5Buid%5D	Homo sapiens	GTRD	No
P11308	2078	ERG	chromatin immunoprecipitation assay	https://www.ncbi.nlm.nih.gov/pubmed/?term=27924024%5Buid%5D	Homo sapiens	GTRD	No
P20700	4001	LMNB1	chromatin immunoprecipitation assay	https://www.ncbi.nlm.nih.gov/pubmed/?term=27924024%5Buid%5D	Homo sapiens	GTRD	No
Q9UKL0	23186	RCOR1	chromatin immunoprecipitation assay	https://www.ncbi.nlm.nih.gov/pubmed/?term=27924024%5Buid%5D	Homo sapiens	GTRD	No
Q01543	2313	FLI1	chromatin immunoprecipitation assay	https://www.ncbi.nlm.nih.gov/pubmed/?term=27924024%5Buid%5D	Homo sapiens	GTRD	No
P43694	2626	GATA4	chromatin immunoprecipitation assay	https://www.ncbi.nlm.nih.gov/pubmed/?term=27924024%5Buid%5D	Homo sapiens	GTRD	No
P04198	4613	MYCN	chromatin immunoprecipitation assay	https://www.ncbi.nlm.nih.gov/pubmed/?term=27924024%5Buid%5D	Homo sapiens	GTRD	No
P46527	1027	CDKN1B	chromatin immunoprecipitation assay	https://www.ncbi.nlm.nih.gov/pubmed/?term=27924024%5Buid%5D	Homo sapiens	GTRD	No
O15054	23135	KDM6B	chromatin immunoprecipitation assay	https://www.ncbi.nlm.nih.gov/pubmed/?term=27924024%5Buid%5D	Homo sapiens	GTRD	No
O00321	2116	ETV2	chromatin immunoprecipitation assay	https://www.ncbi.nlm.nih.gov/pubmed/?term=27924024%5Buid%5D	Homo sapiens	GTRD	No
Q9Y261	3170	FOXA2	chromatin immunoprecipitation assay	https://www.ncbi.nlm.nih.gov/pubmed/?term=29126285%5Buid%5D+OR+27924024%5Buid%5D	Homo sapiens	GTRD,ReMap	No
Q92610	9640	ZNF592	chromatin immunoprecipitation assay	https://www.ncbi.nlm.nih.gov/pubmed/?term=27924024%5Buid%5D	Homo sapiens	GTRD	No
P61244	4149	MAX	chromatin immunoprecipitation assay	https://www.ncbi.nlm.nih.gov/pubmed/?term=29126285%5Buid%5D+OR+27924024%5Buid%5D	Homo sapiens	GTRD,ReMap	No
O94992	10614	HEXIM1	chromatin immunoprecipitation assay	https://www.ncbi.nlm.nih.gov/pubmed/?term=27924024%5Buid%5D	Homo sapiens	GTRD	No
Q9UPP1	23133	PHF8	chromatin immunoprecipitation assay	https://www.ncbi.nlm.nih.gov/pubmed/?term=27924024%5Buid%5D	Homo sapiens	GTRD	No
Q15291	5929	RBBP5	chromatin immunoprecipitation assay	https://www.ncbi.nlm.nih.gov/pubmed/?term=27924024%5Buid%5D	Homo sapiens	GTRD	No
Q86UQ0	51385	ZNF589	chromatin immunoprecipitation assay	https://www.ncbi.nlm.nih.gov/pubmed/?term=27924024%5Buid%5D	Homo sapiens	GTRD	No
O60341	23028	KDM1A	chromatin immunoprecipitation assay	https://www.ncbi.nlm.nih.gov/pubmed/?term=27924024%5Buid%5D	Homo sapiens	GTRD	No
O43474	9314	KLF4	chromatin immunoprecipitation assay	https://www.ncbi.nlm.nih.gov/pubmed/?term=27924024%5Buid%5D	Homo sapiens	GTRD	No
P48163	4199	ME1	chromatin immunoprecipitation assay	https://www.ncbi.nlm.nih.gov/pubmed/?term=27924024%5Buid%5D	Homo sapiens	GTRD	No
P25440	6046	BRD2	chromatin immunoprecipitation assay	https://www.ncbi.nlm.nih.gov/pubmed/?term=27924024%5Buid%5D	Homo sapiens	GTRD	No
P32519	1997	ELF1	chromatin immunoprecipitation assay	https://www.ncbi.nlm.nih.gov/pubmed/?term=27924024%5Buid%5D	Homo sapiens	GTRD	No
Q9Y5J3	23462	HEY1	chromatin immunoprecipitation assay	https://www.ncbi.nlm.nih.gov/pubmed/?term=27924024%5Buid%5D	Homo sapiens	GTRD	No
P10275	367	AR	chromatin immunoprecipitation assay	https://www.ncbi.nlm.nih.gov/pubmed/?term=27924024%5Buid%5D	Homo sapiens	GTRD	No
Q9H3D4	8626	TP63	chromatin immunoprecipitation assay	https://www.ncbi.nlm.nih.gov/pubmed/?term=27924024%5Buid%5D	Homo sapiens	GTRD	No
P78545	1999	ELF3	chromatin immunoprecipitation assay	https://www.ncbi.nlm.nih.gov/pubmed/?term=27924024%5Buid%5D	Homo sapiens	GTRD	No
Q06889	1960	EGR3	chromatin immunoprecipitation assay	https://www.ncbi.nlm.nih.gov/pubmed/?term=27924024%5Buid%5D	Homo sapiens	GTRD	No
Q6NZI2	284119	CAVIN1	chromatin immunoprecipitation assay	https://www.ncbi.nlm.nih.gov/pubmed/?term=27924024%5Buid%5D	Homo sapiens	GTRD	No
P40763	6774	STAT3	chromatin immunoprecipitation assay	https://www.ncbi.nlm.nih.gov/pubmed/?term=27924024%5Buid%5D	Homo sapiens	GTRD	No
Q15561	7004	TEAD4	chromatin immunoprecipitation assay	https://www.ncbi.nlm.nih.gov/pubmed/?term=27924024%5Buid%5D	Homo sapiens	GTRD	No
Q92922	6599	SMARCC1	chromatin immunoprecipitation assay	https://www.ncbi.nlm.nih.gov/pubmed/?term=27924024%5Buid%5D	Homo sapiens	GTRD	No
P25490	7528	YY1	chromatin immunoprecipitation assay	https://www.ncbi.nlm.nih.gov/pubmed/?term=27924024%5Buid%5D	Homo sapiens	GTRD	No
P05412	3725	JUN	chromatin immunoprecipitation assay	https://www.ncbi.nlm.nih.gov/pubmed/?term=27924024%5Buid%5D	Homo sapiens	GTRD	No
P19544	7490	WT1	chromatin immunoprecipitation assay	https://www.ncbi.nlm.nih.gov/pubmed/?term=27924024%5Buid%5D	Homo sapiens	GTRD	No
P10242	4602	MYB	chromatin immunoprecipitation assay	https://www.ncbi.nlm.nih.gov/pubmed/?term=27924024%5Buid%5D	Homo sapiens	GTRD	No
P49116	7182	NR2C2	chromatin immunoprecipitation assay	https://www.ncbi.nlm.nih.gov/pubmed/?term=27924024%5Buid%5D	Homo sapiens	GTRD	No
Q9NVM9	55726	INTS13	chromatin immunoprecipitation assay	https://www.ncbi.nlm.nih.gov/pubmed/?term=27924024%5Buid%5D	Homo sapiens	GTRD	No
O00470	4211	MEIS1	chromatin immunoprecipitation assay	https://www.ncbi.nlm.nih.gov/pubmed/?term=27924024%5Buid%5D	Homo sapiens	GTRD	No
P37275	6935	ZEB1	chromatin immunoprecipitation assay	https://www.ncbi.nlm.nih.gov/pubmed/?term=27924024%5Buid%5D	Homo sapiens	GTRD	No
P35869	196	AHR	chromatin immunoprecipitation assay	https://www.ncbi.nlm.nih.gov/pubmed/?term=27924024%5Buid%5D	Homo sapiens	GTRD	No
Q04206	5970	RELA	chromatin immunoprecipitation assay	https://www.ncbi.nlm.nih.gov/pubmed/?term=27924024%5Buid%5D	Homo sapiens	GTRD	No
Q12778	2308	FOXO1	chromatin immunoprecipitation assay	https://www.ncbi.nlm.nih.gov/pubmed/?term=27924024%5Buid%5D	Homo sapiens	GTRD	No
Q9UGL1	10765	KDM5B	chromatin immunoprecipitation assay	https://www.ncbi.nlm.nih.gov/pubmed/?term=27924024%5Buid%5D	Homo sapiens	GTRD	No
O95365	51341	ZBTB7A	chromatin immunoprecipitation assay	https://www.ncbi.nlm.nih.gov/pubmed/?term=27924024%5Buid%5D	Homo sapiens	GTRD	No
Q03164	4297	KMT2A	chromatin immunoprecipitation assay	https://www.ncbi.nlm.nih.gov/pubmed/?term=27924024%5Buid%5D	Homo sapiens	GTRD	No
P13010	7520	XRCC5	chromatin immunoprecipitation assay	https://www.ncbi.nlm.nih.gov/pubmed/?term=27924024%5Buid%5D	Homo sapiens	GTRD	No
Q06587	6015	RING1	chromatin immunoprecipitation assay	https://www.ncbi.nlm.nih.gov/pubmed/?term=27924024%5Buid%5D	Homo sapiens	GTRD	No
P16220	1385	CREB1	chromatin immunoprecipitation assay	https://www.ncbi.nlm.nih.gov/pubmed/?term=27924024%5Buid%5D	Homo sapiens	GTRD	No
P50553	429	ASCL1	chromatin immunoprecipitation assay	https://www.ncbi.nlm.nih.gov/pubmed/?term=27924024%5Buid%5D	Homo sapiens	GTRD	No
Q13133	10062	NR1H3	chromatin immunoprecipitation assay	https://www.ncbi.nlm.nih.gov/pubmed/?term=27924024%5Buid%5D	Homo sapiens	GTRD	No
P19447	2071	ERCC3	chromatin immunoprecipitation assay	https://www.ncbi.nlm.nih.gov/pubmed/?term=27924024%5Buid%5D	Homo sapiens	GTRD	No
O43296	9422	ZNF264	chromatin immunoprecipitation assay	https://www.ncbi.nlm.nih.gov/pubmed/?term=27924024%5Buid%5D	Homo sapiens	GTRD	No
P04150	2908	NR3C1	chromatin immunoprecipitation assay	https://www.ncbi.nlm.nih.gov/pubmed/?term=27924024%5Buid%5D	Homo sapiens	GTRD	No
P52630	6773	STAT2	chromatin immunoprecipitation assay	https://www.ncbi.nlm.nih.gov/pubmed/?term=27924024%5Buid%5D	Homo sapiens	GTRD	No
P61296	9464	HAND2	chromatin immunoprecipitation assay	https://www.ncbi.nlm.nih.gov/pubmed/?term=27924024%5Buid%5D	Homo sapiens	GTRD	No
Q16621	4778	NFE2	chromatin immunoprecipitation assay	https://www.ncbi.nlm.nih.gov/pubmed/?term=27924024%5Buid%5D	Homo sapiens	GTRD	No
Q13887	688	KLF5	chromatin immunoprecipitation assay	https://www.ncbi.nlm.nih.gov/pubmed/?term=27924024%5Buid%5D	Homo sapiens	GTRD	No
P10914	3659	IRF1	chromatin immunoprecipitation assay	https://www.ncbi.nlm.nih.gov/pubmed/?term=27924024%5Buid%5D	Homo sapiens	GTRD	No
P10588	2063	NR2F6	chromatin immunoprecipitation assay	https://www.ncbi.nlm.nih.gov/pubmed/?term=29126285%5Buid%5D+OR+27924024%5Buid%5D	Homo sapiens	GTRD,ReMap	No
P17542	6886	TAL1	chromatin immunoprecipitation assay	https://www.ncbi.nlm.nih.gov/pubmed/?term=27924024%5Buid%5D	Homo sapiens	GTRD	No
P14316	3660	IRF2	chromatin immunoprecipitation assay	https://www.ncbi.nlm.nih.gov/pubmed/?term=27924024%5Buid%5D	Homo sapiens	GTRD	No
P49756	58517	RBM25	chromatin immunoprecipitation assay	https://www.ncbi.nlm.nih.gov/pubmed/?term=27924024%5Buid%5D	Homo sapiens	GTRD	No
P14921	2113	ETS1	chromatin immunoprecipitation assay	https://www.ncbi.nlm.nih.gov/pubmed/?term=27924024%5Buid%5D	Homo sapiens	GTRD	No
O95644	4772	NFATC1	chromatin immunoprecipitation assay	https://www.ncbi.nlm.nih.gov/pubmed/?term=27924024%5Buid%5D	Homo sapiens	GTRD	No
P18847	467	ATF3	chromatin immunoprecipitation assay	https://www.ncbi.nlm.nih.gov/pubmed/?term=27924024%5Buid%5D	Homo sapiens	GTRD	No
Q96ST3	25942	SIN3A	chromatin immunoprecipitation assay	https://www.ncbi.nlm.nih.gov/pubmed/?term=27924024%5Buid%5D	Homo sapiens	GTRD	No
P17010	7543	ZFX	chromatin immunoprecipitation assay	https://www.ncbi.nlm.nih.gov/pubmed/?term=27924024%5Buid%5D	Homo sapiens	GTRD	No
O43623	6591	SNAI2	chromatin immunoprecipitation assay	https://www.ncbi.nlm.nih.gov/pubmed/?term=27924024%5Buid%5D	Homo sapiens	GTRD	No
P56270	4150	MAZ	chromatin immunoprecipitation assay	https://www.ncbi.nlm.nih.gov/pubmed/?term=27924024%5Buid%5D	Homo sapiens	GTRD	No
Q92908	2627	GATA6	chromatin immunoprecipitation assay	https://www.ncbi.nlm.nih.gov/pubmed/?term=27924024%5Buid%5D	Homo sapiens	GTRD	No
P32243	5015	OTX2	chromatin immunoprecipitation assay	https://www.ncbi.nlm.nih.gov/pubmed/?term=27924024%5Buid%5D	Homo sapiens	GTRD	No
Q8WVC0	123169	LEO1	chromatin immunoprecipitation assay	https://www.ncbi.nlm.nih.gov/pubmed/?term=27924024%5Buid%5D	Homo sapiens	GTRD	No
Q5TA45	54973	INTS11	chromatin immunoprecipitation assay	https://www.ncbi.nlm.nih.gov/pubmed/?term=27924024%5Buid%5D	Homo sapiens	GTRD	No
O00472	22936	ELL2	chromatin immunoprecipitation assay	https://www.ncbi.nlm.nih.gov/pubmed/?term=27924024%5Buid%5D	Homo sapiens	GTRD	No
P49715	1050	CEBPA	chromatin immunoprecipitation assay	https://www.ncbi.nlm.nih.gov/pubmed/?term=27924024%5Buid%5D	Homo sapiens	GTRD	No
P42229	6776	STAT5A	chromatin immunoprecipitation assay	https://www.ncbi.nlm.nih.gov/pubmed/?term=27924024%5Buid%5D	Homo sapiens	GTRD	No
O75175	4849	CNOT3	chromatin immunoprecipitation assay	https://www.ncbi.nlm.nih.gov/pubmed/?term=27924024%5Buid%5D	Homo sapiens	GTRD	No
P10589	7025	NR2F1	chromatin immunoprecipitation assay	https://www.ncbi.nlm.nih.gov/pubmed/?term=27924024%5Buid%5D	Homo sapiens	GTRD	No
Q9NZJ0	51514	DTL	chromatin immunoprecipitation assay	https://www.ncbi.nlm.nih.gov/pubmed/?term=27924024%5Buid%5D	Homo sapiens	GTRD	No
Q9UL18	26523	AGO1	chromatin immunoprecipitation assay	https://www.ncbi.nlm.nih.gov/pubmed/?term=27924024%5Buid%5D	Homo sapiens	GTRD	No
P17535	3727	JUND	chromatin immunoprecipitation assay	https://www.ncbi.nlm.nih.gov/pubmed/?term=27924024%5Buid%5D	Homo sapiens	GTRD	No
Q01196	861	RUNX1	chromatin immunoprecipitation assay	https://www.ncbi.nlm.nih.gov/pubmed/?term=27924024%5Buid%5D	Homo sapiens	GTRD	No
O60885	23476	BRD4	chromatin immunoprecipitation assay	https://www.ncbi.nlm.nih.gov/pubmed/?term=27924024%5Buid%5D	Homo sapiens	GTRD	No
Q16656	4899	NRF1	chromatin immunoprecipitation assay	https://www.ncbi.nlm.nih.gov/pubmed/?term=27924024%5Buid%5D	Homo sapiens	GTRD	No
P15172	4654	MYOD1	chromatin immunoprecipitation assay	https://www.ncbi.nlm.nih.gov/pubmed/?term=27924024%5Buid%5D	Homo sapiens	GTRD	No
P51532	6597	SMARCA4	chromatin immunoprecipitation assay	https://www.ncbi.nlm.nih.gov/pubmed/?term=27924024%5Buid%5D	Homo sapiens	GTRD	No
Q13185	11335	CBX3	chromatin immunoprecipitation assay	https://www.ncbi.nlm.nih.gov/pubmed/?term=27924024%5Buid%5D	Homo sapiens	GTRD	No
Q14202	9203	ZMYM3	chromatin immunoprecipitation assay	https://www.ncbi.nlm.nih.gov/pubmed/?term=27924024%5Buid%5D	Homo sapiens	GTRD	No
Q9UMN6	9757	KMT2B	chromatin immunoprecipitation assay	https://www.ncbi.nlm.nih.gov/pubmed/?term=27924024%5Buid%5D	Homo sapiens	GTRD	No
Q9H4W6	253738	EBF3	chromatin immunoprecipitation assay	https://www.ncbi.nlm.nih.gov/pubmed/?term=27924024%5Buid%5D	Homo sapiens	GTRD	No
P60484	5728	PTEN	chromatin immunoprecipitation assay	https://www.ncbi.nlm.nih.gov/pubmed/?term=27924024%5Buid%5D	Homo sapiens	GTRD	No
Q8NBF1	148979	GLIS1	chromatin immunoprecipitation assay	https://www.ncbi.nlm.nih.gov/pubmed/?term=27924024%5Buid%5D	Homo sapiens	GTRD	No
Q9UID6	51193	ZNF639	chromatin immunoprecipitation assay	https://www.ncbi.nlm.nih.gov/pubmed/?term=27924024%5Buid%5D	Homo sapiens	GTRD	No
P01106	4609	MYC	chromatin immunoprecipitation assay	https://www.ncbi.nlm.nih.gov/pubmed/?term=29126285%5Buid%5D+OR+27924024%5Buid%5D	Homo sapiens	GTRD,ReMap	No
P10074	3104	ZBTB48	chromatin immunoprecipitation assay	https://www.ncbi.nlm.nih.gov/pubmed/?term=27924024%5Buid%5D	Homo sapiens	GTRD	No
Q9Y5Q3	9935	MAFB	chromatin immunoprecipitation assay	https://www.ncbi.nlm.nih.gov/pubmed/?term=27924024%5Buid%5D	Homo sapiens	GTRD	No
O14867	571	BACH1	chromatin immunoprecipitation assay	https://www.ncbi.nlm.nih.gov/pubmed/?term=27924024%5Buid%5D	Homo sapiens	GTRD	No
Q99873	3276	PRMT1	chromatin immunoprecipitation assay	https://www.ncbi.nlm.nih.gov/pubmed/?term=27924024%5Buid%5D	Homo sapiens	GTRD	No
P03372	2099	ESR1	chromatin immunoprecipitation assay	https://www.ncbi.nlm.nih.gov/pubmed/?term=27924024%5Buid%5D	Homo sapiens	GTRD	No
Q13422	10320	IKZF1	chromatin immunoprecipitation assay	https://www.ncbi.nlm.nih.gov/pubmed/?term=27924024%5Buid%5D	Homo sapiens	GTRD	No
Q09472	2033	EP300	chromatin immunoprecipitation assay	https://www.ncbi.nlm.nih.gov/pubmed/?term=27924024%5Buid%5D	Homo sapiens	GTRD	No
Q03936	168374	ZNF92	chromatin immunoprecipitation assay	https://www.ncbi.nlm.nih.gov/pubmed/?term=27924024%5Buid%5D	Homo sapiens	GTRD	No
P06401	5241	PGR	chromatin immunoprecipitation assay	https://www.ncbi.nlm.nih.gov/pubmed/?term=27924024%5Buid%5D	Homo sapiens	GTRD	No
P23769	2624	GATA2	chromatin immunoprecipitation assay	https://www.ncbi.nlm.nih.gov/pubmed/?term=27924024%5Buid%5D	Homo sapiens	GTRD	No
P24468	7026	NR2F2	chromatin immunoprecipitation assay	https://www.ncbi.nlm.nih.gov/pubmed/?term=29126285%5Buid%5D+OR+27924024%5Buid%5D	Homo sapiens	GTRD,ReMap	No
Q15532	6760	SS18	chromatin immunoprecipitation assay	https://www.ncbi.nlm.nih.gov/pubmed/?term=27924024%5Buid%5D	Homo sapiens	GTRD	No
